503 8
0.6147	10.44	7.59	7.59	5888	10.44	7.59	7.59
0.6147	10.44	7.585	7.585	5888	10.44	7.585	7.585
0.6147	10.44	7.58	7.58	5888	10.44	7.58	7.58
0.6147	10.44	7.57	7.57	5888	10.44	7.57	7.57
0.6185	10.47	7.56	7.56	5939	10.47	7.56	7.56
0.6223	10.5	7.555	7.555	5990	10.5	7.555	7.555
0.6261	10.53	7.55	7.55	6041	10.53	7.55	7.55
0.6261	10.53	7.545	7.55	6041	10.53	7.545	7.55
0.6261	10.53	7.54	7.55	6041	10.53	7.54	7.55
0.6261	10.53	7.54	7.55	6041	10.53	7.54	7.55
0.6261	10.53	7.54	7.55	6041	10.53	7.54	7.55
0.6261	10.53	7.54	7.54	6041	10.53	7.54	7.54
0.6261	10.53	7.54	7.53	6041	10.53	7.54	7.53
0.6261	10.53	7.535	7.525	6041	10.53	7.535	7.525
0.6261	10.53	7.53	7.52	6041	10.53	7.53	7.52
0.6261	10.53	7.525	7.52	6041	10.53	7.525	7.52
0.6261	10.53	7.52	7.52	6041	10.53	7.52	7.52
0.6261	10.53	7.515	7.515	6041	10.53	7.515	7.515
0.6261	10.53	7.51	7.51	6041	10.53	7.51	7.51
0.6261	10.53	7.505	7.51	6041	10.53	7.505	7.51
0.6261	10.53	7.5	7.51	6041	10.53	7.5	7.51
0.6261	10.53	7.5	7.51	6041	10.53	7.5	7.51
0.6261	10.53	7.5	7.51	6041	10.53	7.5	7.51
0.6297	10.53	7.515	7.52	6075	10.53	7.515	7.52
0.6337	10.59	7.53	7.53	6143	10.59	7.53	7.53
0.6399	10.64	7.54	7.54	6228	10.64	7.54	7.54
0.6461	10.69	7.55	7.55	6313	10.69	7.55	7.55
0.6522	10.74	7.56	7.57	6398	10.74	7.56	7.57
0.6583	10.79	7.57	7.59	6483	10.79	7.57	7.59
0.6609	10.81	7.59	7.605	6519	10.81	7.59	7.605
0.6649	10.84	7.61	7.62	6574	10.84	7.61	7.62
0.6689	10.87	7.64	7.66	6629	10.87	7.64	7.66
0.6730	10.9	7.67	7.7	6685	10.9	7.67	7.7
0.6771	10.93	7.695	7.725	6741	10.93	7.695	7.725
0.6797	10.95	7.72	7.75	6778	10.95	7.72	7.75
0.6824	10.97	7.745	7.78	6815	10.97	7.745	7.78
0.6863	11	7.77	7.81	6870	11	7.77	7.81
0.6904	11.03	7.8	7.84	6927	11.03	7.8	7.84
0.6959	11.07	7.83	7.87	7003	11.07	7.83	7.87
0.7013	11.11	7.865	7.895	7079	11.11	7.865	7.895
0.7066	11.15	7.9	7.92	7155	11.15	7.9	7.92
0.7120	11.19	7.92	7.95	7231	11.19	7.92	7.95
0.7162	11.22	7.94	7.98	7290	11.22	7.94	7.98
0.7218	11.26	7.97	8.015	7370	11.26	7.97	8.015
0.7275	11.3	8	8.05	7450	11.3	8	8.05
0.7317	11.33	8.045	8.09	7510	11.33	8.045	8.09
0.7373	11.37	8.09	8.13	7590	11.37	8.09	8.13
0.7414	11.4	8.12	8.175	7650	11.4	8.12	8.175
0.7477	11.44	8.15	8.22	7738	11.44	8.15	8.22
0.7524	11.47	8.185	8.255	7804	11.47	8.185	8.255
0.7571	11.5	8.22	8.29	7870	11.5	8.22	8.29
0.7602	11.52	8.26	8.32	7914	11.52	8.26	8.32
0.7633	11.54	8.3	8.35	7958	11.54	8.3	8.35
0.7664	11.56	8.315	8.385	8002	11.56	8.315	8.385
0.7695	11.58	8.33	8.42	8046	11.58	8.33	8.42
0.7695	11.58	8.35	8.445	8046	11.58	8.35	8.445
0.7725	11.6	8.37	8.47	8090	11.6	8.37	8.47
0.7725	11.6	8.39	8.495	8090	11.6	8.39	8.495
0.7725	11.6	8.41	8.52	8090	11.6	8.41	8.52
0.7725	11.6	8.425	8.54	8090	11.6	8.425	8.54
0.7742	11.61	8.44	8.56	8113	11.61	8.44	8.56
0.7742	11.61	8.45	8.565	8113	11.61	8.45	8.565
0.7757	11.62	8.46	8.57	8135	11.62	8.46	8.57
0.7772	11.63	8.47	8.58	8157	11.63	8.47	8.58
0.7788	11.64	8.48	8.59	8180	11.64	8.48	8.59
0.7820	11.66	8.495	8.6	8225	11.66	8.495	8.6
0.7867	11.69	8.51	8.61	8293	11.69	8.51	8.61
0.7913	11.72	8.53	8.63	8360	11.72	8.53	8.63
0.7975	11.76	8.55	8.65	8450	11.76	8.55	8.65
0.8022	11.79	8.575	8.685	8518	11.79	8.575	8.685
0.8087	11.83	8.6	8.72	8612	11.83	8.6	8.72
0.8137	11.86	8.625	8.75	8684	11.86	8.625	8.75
0.8187	11.89	8.65	8.78	8756	11.89	8.65	8.78
0.8269	11.94	8.68	8.815	8876	11.94	8.68	8.815
0.8335	11.98	8.71	8.85	8972	11.98	8.71	8.85
0.8386	12.01	8.745	8.885	9047	12.01	8.745	8.885
0.8443	12.04	8.78	8.92	9128	12.04	8.78	8.92
0.8500	12.07	8.815	8.95	9209	12.07	8.815	8.95
0.8575	12.11	8.85	8.98	9317	12.11	8.85	8.98
0.8632	12.14	8.875	9.01	9398	12.14	8.875	9.01
0.8669	12.16	8.9	9.04	9452	12.16	8.9	9.04
0.8725	12.19	8.93	9.065	9533	12.19	8.93	9.065
0.8780	12.22	8.96	9.09	9614	12.22	8.96	9.09
0.8817	12.24	8.975	9.11	9668	12.24	8.975	9.11
0.8854	12.26	8.99	9.13	9722	12.26	8.99	9.13
0.8909	12.29	9.01	9.155	9803	12.29	9.01	9.155
0.8964	12.32	9.03	9.18	9884	12.32	9.03	9.18
0.9037	12.36	9.065	9.21	9992	12.36	9.065	9.21
0.9109	12.4	9.1	9.24	10100	12.4	9.1	9.24
0.9171	12.43	9.13	9.27	10190	12.43	9.13	9.27
0.9253	12.47	9.16	9.3	10310	12.47	9.16	9.3
0.9356	12.52	9.2	9.34	10460	12.52	9.2	9.34
0.9457	12.57	9.24	9.38	10610	12.57	9.24	9.38
0.9600	12.57	9.28	9.435	10770	12.57	9.28	9.435
0.9754	12.62	9.32	9.49	10980	12.62	9.32	9.49
0.9869	12.68	9.36	9.55	11155	12.68	9.36	9.55
0.9989	12.73	9.4	9.61	11330	12.73	9.4	9.61
1.0070	12.78	9.45	9.665	11460	12.78	9.45	9.665
1.0148	12.82	9.5	9.72	11580	12.82	9.5	9.72
1.0330	12.86	9.55	9.765	11820	12.86	9.55	9.765
1.0553	12.94	9.59	9.81	12140	12.94	9.59	9.81
1.0574	13.04	9.63	9.855	12245	13.04	9.63	9.855
1.0643	13.07	9.67	9.9	12350	13.07	9.67	9.9
1.0712	13.1	9.71	9.94	12455	13.1	9.71	9.94
1.0811	13.13	9.75	9.98	12595	13.13	9.75	9.98
1.0872	13.17	9.78	10.02	12700	13.17	9.78	10.02
1.0941	13.2	9.82	10.06	12805	13.2	9.82	10.06
1.0979	13.23	9.85	10.095	12875	13.23	9.85	10.095
1.1024	13.25	9.89	10.13	12945	13.25	9.89	10.13
1.1099	13.27	9.92	10.16	13050	13.27	9.92	10.16
1.1196	13.3	9.95	10.19	13190	13.3	9.95	10.19
1.1226	13.34	9.98	10.22	13260	13.34	9.98	10.22
1.1300	13.36	10	10.25	13365	13.36	10	10.25
1.1308	13.39	10.03	10.275	13400	13.39	10.03	10.275
1.1368	13.4	10.05	10.3	13480	13.4	10.05	10.3
1.1420	13.42	10.07	10.32	13560	13.42	10.07	10.32
1.1439	13.44	10.09	10.34	13600	13.44	10.09	10.34
1.1499	13.45	10.1	10.36	13680	13.45	10.1	10.36
1.1551	13.47	10.11	10.38	13760	13.47	10.11	10.38
1.1604	13.49	10.12	10.405	13840	13.49	10.12	10.405
1.1622	13.51	10.13	10.43	13880	13.51	10.13	10.43
1.1648	13.52	10.14	10.45	13920	13.52	10.14	10.45
1.1641	13.53	10.15	10.48	13920	13.53	10.15	10.48
1.1641	13.53	10.16	10.5	13920	13.53	10.16	10.5
1.1641	13.53	10.18	10.51	13920	13.53	10.18	10.51
1.1641	13.53	10.21	10.52	13920	13.53	10.21	10.52
1.1641	13.53	10.24	10.53	13920	13.53	10.24	10.53
1.1641	13.53	10.26	10.54	13920	13.53	10.26	10.54
1.1641	13.53	10.27	10.55	13920	13.53	10.27	10.55
1.1692	13.55	10.28	10.55	14000	13.55	10.28	10.55
1.1692	13.55	10.29	10.56	14000	13.55	10.29	10.56
1.1692	13.55	10.3	10.57	14000	13.55	10.3	10.57
1.1641	13.53	10.3	10.58	13920	13.53	10.3	10.58
1.1692	13.55	10.3	10.58	14000	13.55	10.3	10.58
1.1692	13.55	10.31	10.58	14000	13.55	10.31	10.58
1.1641	13.53	10.31	10.58	13920	13.53	10.31	10.58
1.1615	13.52	10.31	10.58	13880	13.52	10.31	10.58
1.1589	13.51	10.32	10.58	13840	13.51	10.32	10.58
1.1563	13.5	10.32	10.58	13800	13.5	10.32	10.58
1.1537	13.49	10.32	10.57	13760	13.49	10.32	10.57
1.1510	13.48	10.31	10.57	13720	13.48	10.31	10.57
1.1484	13.47	10.31	10.57	13680	13.47	10.31	10.57
1.1432	13.45	10.3	10.56	13600	13.45	10.3	10.56
1.1406	13.44	10.29	10.56	13560	13.44	10.29	10.56
1.1300	13.4	10.28	10.54	13400	13.4	10.28	10.54
1.1327	13.41	10.27	10.53	13440	13.41	10.27	10.53
1.1278	13.39	10.26	10.52	13365	13.39	10.26	10.52
1.1234	13.37	10.25	10.51	13295	13.37	10.25	10.51
1.1189	13.35	10.24	10.5	13225	13.35	10.24	10.5
1.1100	13.31	10.23	10.49	13085	13.31	10.23	10.49
1.1055	13.29	10.22	10.48	13015	13.29	10.22	10.48
1.0964	13.25	10.21	10.45	12875	13.25	10.21	10.45
1.0919	13.23	10.19	10.43	12805	13.23	10.19	10.43
1.0875	13.21	10.17	10.41	12737	13.21	10.17	10.41
1.0828	13.19	10.16	10.39	12665	13.19	10.16	10.39
1.0805	13.18	10.14	10.37	12630	13.18	10.14	10.37
1.0783	13.17	10.12	10.35	12595	13.17	10.12	10.35
1.0760	13.16	10.1	10.33	12560	13.16	10.1	10.33
1.0737	13.15	10.09	10.31	12525	13.15	10.09	10.31
1.0714	13.14	10.07	10.29	12490	13.14	10.07	10.29
1.0714	13.14	10.05	10.27	12490	13.14	10.05	10.27
1.0714	13.14	10.04	10.26	12490	13.14	10.04	10.26
1.0714	13.14	10.03	10.25	12490	13.14	10.03	10.25
1.0691	13.13	10.02	10.24	12455	13.13	10.02	10.24
1.0668	13.12	10.01	10.22	12420	13.12	10.01	10.22
1.0668	13.12	9.99	10.21	12420	13.12	9.99	10.21
1.0668	13.12	9.98	10.2	12420	13.12	9.98	10.2
1.0668	13.12	9.97	10.19	12420	13.12	9.97	10.19
1.0668	13.12	9.97	10.18	12420	13.12	9.97	10.18
1.0760	13.16	9.97	10.19	12560	13.16	9.97	10.19
1.0760	13.16	9.97	10.19	12560	13.16	9.97	10.19
1.0805	13.18	9.97	10.2	12630	13.18	9.97	10.2
1.0851	13.2	9.98	10.2	12700	13.2	9.98	10.2
1.0896	13.22	9.98	10.2	12770	13.22	9.98	10.2
1.0919	13.23	9.99	10.21	12805	13.23	9.99	10.21
1.0964	13.25	10	10.22	12875	13.25	10	10.22
1.0987	13.26	10	10.23	12910	13.26	10	10.23
1.1032	13.28	10.01	10.24	12980	13.28	10.01	10.24
1.1032	13.28	10.02	10.25	12980	13.28	10.02	10.25
1.1100	13.31	10.03	10.26	13085	13.31	10.03	10.26
1.1144	13.33	10.05	10.27	13155	13.33	10.05	10.27
1.1211	13.36	10.07	10.29	13260	13.36	10.07	10.29
1.1300	13.4	10.09	10.3	13400	13.4	10.09	10.3
1.1406	13.44	10.1	10.32	13560	13.44	10.1	10.32
1.1510	13.48	10.12	10.34	13720	13.48	10.12	10.34
1.1615	13.52	10.14	10.37	13880	13.52	10.14	10.37
1.1692	13.55	10.15	10.39	14000	13.55	10.15	10.39
1.1770	13.58	10.17	10.42	14120	13.58	10.17	10.42
1.1822	13.6	10.2	10.46	14200	13.6	10.2	10.46
1.1899	13.63	10.23	10.5	14320	13.63	10.23	10.5
1.1899	13.63	10.26	10.54	14320	13.63	10.26	10.54
1.1899	13.63	10.29	10.57	14320	13.63	10.29	10.57
1.1899	13.63	10.31	10.59	14320	13.63	10.31	10.59
1.1899	13.63	10.33	10.61	14320	13.63	10.33	10.61
1.1899	13.63	10.35	10.63	14320	13.63	10.35	10.63
1.1950	13.65	10.37	10.64	14400	13.65	10.37	10.64
1.2052	13.69	10.39	10.66	14560	13.69	10.39	10.66
1.2052	13.69	10.4	10.67	14560	13.69	10.4	10.67
1.2052	13.69	10.41	10.68	14560	13.69	10.41	10.68
1.2052	13.69	10.42	10.69	14560	13.69	10.42	10.69
1.2052	13.69	10.43	10.7	14560	13.69	10.43	10.7
1.2052	13.69	10.44	10.71	14560	13.69	10.44	10.71
1.2052	13.69	10.45	10.72	14560	13.69	10.45	10.72
1.2128	13.72	10.46	10.73	14680	13.72	10.46	10.73
1.2153	13.73	10.47	10.74	14720	13.73	10.47	10.74
1.2153	13.73	10.48	10.74	14720	13.73	10.48	10.74
1.2153	13.73	10.49	10.75	14720	13.73	10.49	10.75
1.2153	13.73	10.49	10.75	14720	13.73	10.49	10.75
1.2153	13.73	10.49	10.76	14720	13.73	10.49	10.76
1.2153	13.73	10.5	10.76	14720	13.73	10.5	10.76
1.2153	13.73	10.5	10.77	14720	13.73	10.5	10.77
1.2153	13.73	10.5	10.77	14720	13.73	10.5	10.77
1.2153	13.73	10.5	10.77	14720	13.73	10.5	10.77
1.2077	13.7	10.5	10.77	14600	13.7	10.5	10.77
1.2077	13.7	10.5	10.77	14600	13.7	10.5	10.77
1.2052	13.69	10.5	10.76	14560	13.69	10.5	10.76
1.2026	13.68	10.48	10.76	14520	13.68	10.48	10.76
1.1975	13.66	10.47	10.75	14440	13.66	10.47	10.75
1.2052	13.69	10.46	10.74	14560	13.69	10.46	10.74
1.1899	13.63	10.45	10.73	14320	13.63	10.45	10.73
1.1873	13.62	10.45	10.72	14280	13.62	10.45	10.72
1.1847	13.61	10.45	10.71	14240	13.61	10.45	10.71
1.1822	13.6	10.44	10.7	14200	13.6	10.44	10.7
1.1796	13.59	10.44	10.69	14160	13.59	10.44	10.69
1.1796	13.59	10.43	10.68	14160	13.59	10.43	10.68
1.1770	13.58	10.43	10.68	14120	13.58	10.43	10.68
1.1770	13.58	10.42	10.67	14120	13.58	10.42	10.67
1.1744	13.57	10.42	10.66	14080	13.57	10.42	10.66
1.1744	13.57	10.41	10.65	14080	13.57	10.41	10.65
1.1744	13.57	10.4	10.64	14080	13.57	10.4	10.64
1.1744	13.57	10.4	10.64	14080	13.57	10.4	10.64
1.1744	13.57	10.39	10.63	14080	13.57	10.39	10.63
1.1744	13.57	10.39	10.63	14080	13.57	10.39	10.63
1.1796	13.59	10.38	10.63	14160	13.59	10.38	10.63
1.1873	13.62	10.38	10.64	14280	13.62	10.38	10.64
1.1899	13.63	10.39	10.65	14320	13.63	10.39	10.65
1.1950	13.65	10.4	10.66	14400	13.65	10.4	10.66
1.2001	13.67	10.41	10.67	14480	13.67	10.41	10.67
1.2026	13.68	10.42	10.69	14520	13.68	10.42	10.69
1.2052	13.69	10.43	10.7	14560	13.69	10.43	10.7
1.2153	13.73	10.45	10.72	14720	13.73	10.45	10.72
1.2204	13.75	10.46	10.74	14800	13.75	10.46	10.74
1.2254	13.77	10.47	10.75	14880	13.77	10.47	10.75
1.2279	13.78	10.49	10.77	14920	13.78	10.49	10.77
1.2446	13.84	10.51	10.79	15180	13.84	10.51	10.79
1.2504	13.86	10.53	10.82	15270	13.86	10.53	10.82
1.2619	13.9	10.56	10.85	15450	13.9	10.56	10.85
1.2706	13.93	10.58	10.88	15585	13.93	10.58	10.88
1.2792	13.96	10.6	10.9	15720	13.96	10.6	10.9
1.2877	13.99	10.61	10.92	15855	13.99	10.61	10.92
1.2963	14.02	10.63	10.95	15990	14.02	10.63	10.95
1.3048	14.05	10.65	10.98	16125	14.05	10.65	10.98
1.3104	14.07	10.67	11	16215	14.07	10.67	11
1.3161	14.09	10.7	11.04	16305	14.09	10.7	11.04
1.3273	14.13	10.73	11.07	16485	14.13	10.73	11.07
1.3357	14.16	10.76	11.1	16620	14.16	10.76	11.1
1.3385	14.17	10.79	11.13	16665	14.17	10.79	11.13
1.3468	14.2	10.82	11.16	16800	14.2	10.82	11.16
1.3579	14.24	10.84	11.19	16980	14.24	10.84	11.19
1.3689	14.28	10.87	11.22	17160	14.28	10.87	11.22
1.3799	14.32	10.9	11.25	17340	14.32	10.9	11.25
1.3853	14.34	10.93	11.29	17430	14.34	10.93	11.29
1.3989	14.39	10.97	11.33	17655	14.39	10.97	11.33
1.4133	14.43	11	11.37	17880	14.43	11	11.37
1.4172	14.44	11.04	11.4	17940	14.44	11.04	11.4
1.4249	14.46	11.1	11.45	18060	14.46	11.1	11.45
1.4249	14.46	11.15	11.5	18060	14.46	11.15	11.5
1.4442	14.51	11.18	11.55	18360	14.51	11.18	11.55
1.4519	14.53	11.2	11.59	18480	14.53	11.2	11.59
1.4557	14.54	11.22	11.61	18540	14.54	11.22	11.61
1.4596	14.55	11.24	11.64	18600	14.55	11.24	11.64
1.4710	14.58	11.25	11.67	18780	14.58	11.25	11.67
1.4824	14.61	11.25	11.7	18960	14.61	11.25	11.7
1.4900	14.63	11.26	11.74	19080	14.63	11.26	11.74
1.4976	14.65	11.27	11.78	19200	14.65	11.27	11.78
1.5052	14.67	11.28	11.8	19320	14.67	11.28	11.8
1.5127	14.69	11.29	11.82	19440	14.69	11.29	11.82
1.5164	14.7	11.31	11.85	19500	14.7	11.31	11.85
1.5240	14.72	11.34	11.88	19620	14.72	11.34	11.88
1.5352	14.75	11.37	11.9	19800	14.75	11.37	11.9
1.5464	14.78	11.39	11.93	19980	14.78	11.39	11.93
1.5579	14.81	11.42	11.96	20165	14.81	11.42	11.96
1.5661	14.83	11.44	11.99	20295	14.83	11.44	11.99
1.5702	14.84	11.47	12.02	20360	14.84	11.47	12.02
1.5742	14.85	11.49	12.05	20425	14.85	11.49	12.05
1.5783	14.86	11.51	12.09	20490	14.86	11.51	12.09
1.5864	14.88	11.54	12.12	20620	14.88	11.54	12.12
1.6027	14.92	11.56	12.15	20880	14.92	11.56	12.15
1.6107	14.94	11.58	12.17	21010	14.94	11.58	12.17
1.6188	14.96	11.6	12.19	21140	14.96	11.6	12.19
1.6308	14.99	11.62	12.22	21335	14.99	11.62	12.22
1.6308	14.99	11.64	12.24	21335	14.99	11.64	12.24
1.6308	14.99	11.66	12.27	21335	14.99	11.66	12.27
1.6308	14.99	11.67	12.29	21335	14.99	11.67	12.29
1.6308	14.99	11.68	12.3	21335	14.99	11.68	12.3
1.6392	15.01	11.69	12.31	21470	15.01	11.69	12.31
1.6480	15.03	11.71	12.32	21610	15.03	11.71	12.32
1.6480	15.03	11.72	12.34	21610	15.03	11.72	12.34
1.6567	15.05	11.74	12.35	21750	15.05	11.74	12.35
1.6611	15.06	11.76	12.37	21820	15.06	11.76	12.37
1.6611	15.06	11.78	12.38	21820	15.06	11.78	12.38
1.6611	15.06	11.78	12.39	21820	15.06	11.78	12.39
1.6654	15.07	11.79	12.4	21890	15.07	11.79	12.4
1.6654	15.07	11.79	12.41	21890	15.07	11.79	12.41
1.6741	15.09	11.8	12.42	22030	15.09	11.8	12.42
1.6741	15.09	11.8	12.42	22030	15.09	11.8	12.42
1.6741	15.09	11.8	12.43	22030	15.09	11.8	12.43
1.6741	15.09	11.8	12.43	22030	15.09	11.8	12.43
1.6741	15.09	11.8	12.43	22030	15.09	11.8	12.43
1.6741	15.09	11.8	12.43	22030	15.09	11.8	12.43
1.6741	15.09	11.8	12.43	22030	15.09	11.8	12.43
1.6611	15.06	11.8	12.43	21820	15.06	11.8	12.43
1.6523	15.04	11.8	12.43	21680	15.04	11.8	12.43
1.6480	15.03	11.8	12.43	21610	15.03	11.8	12.43
1.6436	15.02	11.8	12.42	21540	15.02	11.8	12.42
1.6392	15.01	11.8	12.41	21470	15.01	11.8	12.41
1.6392	15.01	11.79	12.4	21470	15.01	11.79	12.4
1.6268	14.98	11.78	12.39	21270	14.98	11.78	12.39
1.6188	14.96	11.76	12.37	21140	14.96	11.76	12.37
1.6067	14.93	11.75	12.35	20945	14.93	11.75	12.35
1.6067	14.93	11.74	12.34	20945	14.93	11.74	12.34
1.6027	14.92	11.73	12.32	20880	14.92	11.73	12.32
1.5986	14.91	11.71	12.31	20815	14.91	11.71	12.31
1.5905	14.89	11.7	12.29	20685	14.89	11.7	12.29
1.5824	14.87	11.68	12.26	20555	14.87	11.68	12.26
1.5742	14.85	11.67	12.24	20425	14.85	11.67	12.24
1.5661	14.83	11.66	12.22	20295	14.83	11.66	12.22
1.5579	14.81	11.64	12.2	20165	14.81	11.64	12.2
1.5501	14.79	11.61	12.17	20040	14.79	11.61	12.17
1.5389	14.76	11.59	12.15	19860	14.76	11.59	12.15
1.5314	14.74	11.57	12.13	19740	14.74	11.57	12.13
1.5240	14.72	11.55	12.11	19620	14.72	11.55	12.11
1.5089	14.68	11.52	12.09	19380	14.68	11.52	12.09
1.4938	14.64	11.5	12.04	19140	14.64	11.5	12.04
1.4862	14.62	11.47	12.02	19020	14.62	11.47	12.02
1.4824	14.61	11.45	12	18960	14.61	11.45	12
1.4786	14.6	11.42	11.95	18900	14.6	11.42	11.95
1.4748	14.59	11.4	11.92	18840	14.59	11.4	11.92
1.4672	14.57	11.38	11.9	18720	14.57	11.38	11.9
1.4596	14.55	11.36	11.89	18600	14.55	11.36	11.89
1.4519	14.53	11.33	11.87	18480	14.53	11.33	11.87
1.4442	14.51	11.31	11.85	18360	14.51	11.31	11.85
1.4365	14.49	11.3	11.83	18240	14.49	11.3	11.83
1.4288	14.47	11.28	11.79	18120	14.47	11.28	11.79
1.4094	14.42	11.26	11.76	17820	14.42	11.26	11.76
1.4016	14.4	11.23	11.73	17700	14.4	11.23	11.73
1.4016	14.4	11.2	11.7	17700	14.4	11.2	11.7
1.3935	14.37	11.17	11.68	17565	14.37	11.17	11.68
1.3853	14.34	11.15	11.65	17430	14.34	11.15	11.65
1.3799	14.32	11.14	11.62	17340	14.32	11.14	11.62
1.3744	14.3	11.13	11.6	17250	14.3	11.13	11.6
1.3716	14.29	11.11	11.59	17205	14.29	11.11	11.59
1.3330	14.28	11.09	11.57	16710	14.28	11.09	11.57
1.3330	14.28	11.07	11.55	16710	14.28	11.07	11.55
1.3330	14.28	11.05	11.54	16710	14.28	11.05	11.54
1.3249	14.38	11.05	11.53	16710	14.38	11.05	11.53
1.3249	14.38	11.04	11.52	16710	14.38	11.04	11.52
1.3249	14.38	11.04	11.51	16710	14.38	11.04	11.51
1.3249	14.38	11.04	11.5	16710	14.38	11.04	11.5
1.3249	14.38	11.04	11.5	16710	14.38	11.04	11.5
1.3249	14.38	11.03	11.5	16710	14.38	11.03	11.5
1.3249	14.38	11.03	11.5	16710	14.38	11.03	11.5
1.3744	14.3	11.03	11.5	17250	14.3	11.03	11.5
1.3799	14.32	11.03	11.5	17340	14.32	11.03	11.5
1.3826	14.33	11.03	11.5	17385	14.33	11.03	11.5
1.3826	14.33	11.03	11.5	17385	14.33	11.03	11.5
1.3826	14.33	11.03	11.51	17385	14.33	11.03	11.51
1.3826	14.33	11.03	11.51	17385	14.33	11.03	11.51
1.3826	14.33	11.03	11.52	17385	14.33	11.03	11.52
1.3826	14.33	11.04	11.53	17385	14.33	11.04	11.53
1.3826	14.33	11.04	11.53	17385	14.33	11.04	11.53
1.3826	14.33	11.05	11.54	17385	14.33	11.05	11.54
1.3826	14.33	11.05	11.54	17385	14.33	11.05	11.54
1.3826	14.33	11.06	11.53	17385	14.33	11.06	11.53
1.3826	14.33	11.06	11.52	17385	14.33	11.06	11.52
1.3826	14.33	11.06	11.52	17385	14.33	11.06	11.52
1.3826	14.33	11.06	11.52	17385	14.33	11.06	11.52
1.3826	14.33	11.07	11.52	17385	14.33	11.07	11.52
1.3826	14.33	11.07	11.52	17385	14.33	11.07	11.52
1.3826	14.33	11.07	11.52	17385	14.33	11.07	11.52
1.3826	14.33	11.06	11.52	17385	14.33	11.06	11.52
1.3826	14.33	11.06	11.52	17385	14.33	11.06	11.52
1.3826	14.33	11.05	11.52	17385	14.33	11.05	11.52
1.3826	14.33	11.05	11.52	17385	14.33	11.05	11.52
1.3826	14.33	11.05	11.52	17385	14.33	11.05	11.52
1.3799	14.32	11.05	11.51	17340	14.32	11.05	11.51
1.3767	14.31	11.04	11.51	17290	14.31	11.04	11.51
1.3744	14.3	11.04	11.5	17250	14.3	11.04	11.5
1.3689	14.28	11.04	11.5	17160	14.28	11.04	11.5
1.3634	14.26	11.04	11.49	17070	14.26	11.04	11.49
1.3579	14.24	11.04	11.48	16980	14.24	11.04	11.48
1.3551	14.23	11.03	11.48	16935	14.23	11.03	11.48
1.3551	14.23	11.02	11.47	16935	14.23	11.02	11.47
1.3468	14.2	11.01	11.46	16800	14.2	11.01	11.46
1.3440	14.19	11	11.45	16755	14.19	11	11.45
1.3329	14.15	10.99	11.44	16575	14.15	10.99	11.44
1.3273	14.13	10.98	11.42	16485	14.13	10.98	11.42
1.3217	14.11	10.97	11.4	16395	14.11	10.97	11.4
1.3161	14.09	10.95	11.38	16305	14.09	10.95	11.38
1.3104	14.07	10.94	11.35	16215	14.07	10.94	11.35
1.3048	14.05	10.93	11.33	16125	14.05	10.93	11.33
1.2963	14.02	10.91	11.32	15990	14.02	10.91	11.32
1.2877	13.99	10.88	11.3	15855	13.99	10.88	11.3
1.2792	13.96	10.86	11.28	15720	13.96	10.86	11.28
1.2706	13.93	10.83	11.25	15585	13.93	10.83	11.25
1.2619	13.9	10.81	11.22	15450	13.9	10.81	11.22
1.2593	13.84	10.79	11.19	15360	13.84	10.79	11.19
1.2446	13.84	10.77	11.15	15180	13.84	10.77	11.15
1.2359	13.81	10.75	11.12	15045	13.81	10.75	11.12
1.2254	13.77	10.73	11.08	14880	13.77	10.73	11.08
1.2153	13.73	10.7	11.06	14720	13.73	10.7	11.06
1.2052	13.69	10.68	11.03	14560	13.69	10.68	11.03
1.1950	13.65	10.66	11	14400	13.65	10.66	11
1.1899	13.63	10.63	10.96	14320	13.63	10.63	10.96
1.1847	13.61	10.6	10.92	14240	13.61	10.6	10.92
1.1692	13.55	10.57	10.89	14000	13.55	10.57	10.89
1.1615	13.52	10.53	10.85	13880	13.52	10.53	10.85
1.1563	13.5	10.5	10.82	13800	13.5	10.5	10.82
1.1484	13.47	10.47	10.79	13680	13.47	10.47	10.79
1.1406	13.44	10.44	10.76	13560	13.44	10.44	10.76
1.1300	13.4	10.41	10.72	13400	13.4	10.41	10.72
1.1234	13.37	10.37	10.68	13295	13.37	10.37	10.68
1.1167	13.34	10.33	10.64	13190	13.34	10.33	10.64
1.1100	13.31	10.3	10.6	13085	13.31	10.3	10.6
1.1055	13.29	10.27	10.57	13015	13.29	10.27	10.57
1.0987	13.26	10.24	10.54	12910	13.26	10.24	10.54
1.0942	13.24	10.22	10.51	12840	13.24	10.22	10.51
1.0896	13.22	10.19	10.47	12770	13.22	10.19	10.47
1.0828	13.19	10.16	10.44	12665	13.19	10.16	10.44
1.0837	13.16	10.14	10.41	12650	13.16	10.14	10.41
1.0714	13.14	10.12	10.38	12490	13.14	10.12	10.38
1.0668	13.12	10.11	10.35	12420	13.12	10.11	10.35
1.0599	13.09	10.09	10.33	12315	13.09	10.09	10.33
1.0529	13.06	10.07	10.3	12210	13.06	10.07	10.3
1.0460	13.03	10.05	10.27	12105	13.03	10.05	10.27
1.0390	13	10.03	10.24	12000	13	10.03	10.24
1.0351	12.98	10.01	10.22	11940	12.98	10.01	10.22
1.0313	12.96	9.98	10.2	11880	12.96	9.98	10.2
1.0275	12.94	9.96	10.18	11820	12.94	9.96	10.18
1.0236	12.92	9.94	10.15	11760	12.92	9.94	10.15
1.0179	12.89	9.92	10.13	11670	12.89	9.92	10.13
1.0120	12.86	9.89	10.1	11580	12.86	9.89	10.1
1.0082	12.84	9.87	10.08	11520	12.84	9.87	10.08
1.0043	12.82	9.86	10.05	11460	12.82	9.86	10.05
1.0004	12.8	9.84	10.02	11400	12.8	9.84	10.02
0.9956	12.78	9.82	9.99	11330	12.78	9.82	9.99
0.9883	12.75	9.8	9.97	11225	12.75	9.8	9.97
0.9833	12.73	9.77	9.94	11153	12.73	9.77	9.94
0.9787	12.71	9.75	9.92	11085	12.71	9.75	9.92
0.9738	12.69	9.73	9.9	11015	12.69	9.73	9.9
0.9689	12.67	9.71	9.88	10945	12.67	9.71	9.88
0.9641	12.65	9.69	9.85	10875	12.65	9.69	9.85
0.9616	12.64	9.67	9.83	10840	12.64	9.67	9.83
0.9567	12.62	9.64	9.81	10770	12.62	9.64	9.81
0.9518	12.6	9.62	9.79	10700	12.6	9.62	9.79
0.9457	12.57	9.6	9.78	10610	12.57	9.6	9.78
0.9417	12.55	9.58	9.76	10550	12.55	9.58	9.76
0.9356	12.52	9.56	9.73	10460	12.52	9.56	9.73
0.9294	12.49	9.55	9.7	10370	12.49	9.55	9.7
0.9212	12.45	9.53	9.68	10250	12.45	9.53	9.68
0.9150	12.42	9.51	9.66	10160	12.42	9.51	9.66
0.9073	12.38	9.49	9.64	10046	12.38	9.49	9.64
0.9019	12.35	9.47	9.6	9965	12.35	9.47	9.6
0.9019	12.35	9.45	9.57	9965	12.35	9.45	9.57
0.9000	12.34	9.43	9.54	9938	12.34	9.43	9.54
0.8854	12.26	9.41	9.51	9722	12.26	9.41	9.51
0.8706	12.18	9.37	9.48	9506	12.18	9.37	9.48
0.8650	12.15	9.32	9.45	9425	12.15	9.32	9.45
0.8594	12.12	9.27	9.41	9344	12.12	9.27	9.41
0.8538	12.09	9.24	9.38	9263	12.09	9.24	9.38
0.8481	12.06	9.21	9.35	9182	12.06	9.21	9.35
0.8443	12.04	9.18	9.32	9128	12.04	9.18	9.32
0.8386	12.01	9.15	9.29	9047	12.01	9.15	9.29
0.8351	11.99	9.13	9.26	8996	11.99	9.13	9.26
0.8302	11.96	9.11	9.22	8924	11.96	9.11	9.22
0.8286	11.95	9.09	9.19	8900	11.95	9.09	9.19
0.8253	11.93	9.07	9.17	8852	11.93	9.07	9.17
0.8236	11.92	9.04	9.15	8828	11.92	9.04	9.15
0.8203	11.9	9.02	9.13	8780	11.9	9.02	9.13
0.8187	11.89	9	9.11	8756	11.89	9	9.11
0.8170	11.88	8.99	9.08	8732	11.88	8.99	9.08
0.8154	11.87	8.98	9.06	8708	11.87	8.98	9.06
0.8137	11.86	8.97	9.04	8684	11.86	8.97	9.04
0.8104	11.84	8.96	9.03	8636	11.84	8.96	9.03
0.8087	11.83	8.95	9.02	8612	11.83	8.95	9.02
0.8070	11.82	8.945	9.01	8588	11.82	8.945	9.01
0.8037	11.8	8.94	9	8540	11.8	8.94	9
0.8006	11.78	4.915	8.98	8495	11.78	4.915	8.98
0.7960	11.75	0.89	8.94	8428	11.75	0.89	8.94
0.7929	11.73	4.875	8.96	8383	11.73	4.875	8.96
0.7913	11.72	8.86	8.95	8360	11.72	8.86	8.95
0.7882	11.7	8.855	8.93	8315	11.7	8.855	8.93
0.7867	11.69	8.85	8.92	8293	11.69	8.85	8.92
0.7835	11.67	8.825	8.9	8247	11.67	8.825	8.9
0.7805	11.65	8.8	8.88	8203	11.65	8.8	8.88
0.7757	11.62	8.78	8.84	8135	11.62	8.78	8.84
0.7710	11.59	8.76	8.82	8068	11.59	8.76	8.82
0.7679	11.57	8.745	8.8	8024	11.57	8.745	8.8
0.7618	11.53	8.73	8.78	7936	11.53	8.73	8.78
0.7602	11.52	8.705	8.77	7914	11.52	8.705	8.77
0.7571	11.5	8.68	8.75	7870	11.5	8.68	8.75
0.7493	11.45	8.65	8.72	7760	11.45	8.65	8.72
0.7430	11.41	8.62	8.7	7672	11.41	8.62	8.7
