515 3
603986.807523 2330346.516940 1.397631
603412.095138 2329978.678640 11.811777
603698.064897 2330148.104200 12.259098
604047.749861 2329918.612850 -0.245739
603127.730570 2329780.647290 12.062710
603551.911551 2329614.677000 -3.870810
604045.380813 2329421.596150 8.633760
604045.367430 2328904.662880 7.632395
604046.008943 2328411.467750 7.655026
603032.363741 2329413.884750 12.283236
603340.937034 2329258.769520 -2.809713
603603.362781 2328509.699930 5.278002
603589.995964 2328823.380010 4.785448
603966.419559 2327995.956810 12.392633
603349.522517 2328298.387900 -3.660038
603790.842418 2328244.407020 7.867666
603266.171287 2328924.161950 -6.327508
602903.364451 2329049.638000 12.662468
603193.868077 2328600.575160 -4.108014
603686.766695 2327775.457730 12.487379
603125.508662 2328111.905200 1.651093
603402.611537 2327945.795210 -4.080190
603114.859283 2325959.343930 12.660180
603269.414737 2326293.467440 12.811477
602822.737269 2325773.553800 11.973807
602814.023168 2328684.870510 11.757832
602855.281464 2328273.893560 7.416708
603536.135895 2327446.634040 12.039105
603338.027032 2326684.549740 12.508217
603440.075699 2327072.343850 12.078767
602913.625896 2327859.024640 8.791298
603156.315068 2327602.019930 -4.615880
602869.166796 2326528.381260 7.256309
602704.923669 2326109.763110 8.189206
602360.547199 2325797.108050 12.659594
602591.743999 2328431.871740 11.865925
602622.804817 2328051.683190 7.416708
603150.932801 2327278.620290 -2.804871
603022.540074 2326919.294580 -6.376810
602684.231646 2327699.889640 8.670138
602870.997247 2327478.328170 8.580790
601884.303333 2325827.131670 12.634698
602480.601067 2326719.576840 -5.511118
602235.253491 2326248.862010 8.085179
602344.769209 2328235.871860 12.848315
602429.044028 2327899.548870 9.350010
602352.183249 2327021.171720 -4.832635
602707.053157 2327154.039420 8.248093
602443.364914 2327532.795970 8.901945
601865.349475 2326258.588800 7.332404
601446.387895 2325723.047150 12.631444
601511.587652 2326188.296240 7.603057
601847.085681 2326674.337650 8.029963
602080.943077 2328041.958090 12.773804
602003.775597 2327083.469600 -4.476784
602119.802847 2327682.272470 9.382959
601703.532063 2327154.428960 4.745420
602228.047748 2327312.709470 9.182114
601490.924662 2326528.208070 7.606694
600992.699190 2325849.313760 12.728798
601157.825829 2326118.003690 7.922605
601470.261673 2326868.119900 8.583423
601796.240794 2327831.748980 13.110762
601412.377418 2327223.240270 8.106173
601812.572924 2327459.971410 3.781821
600948.931360 2326660.701440 6.737857
600804.425032 2326259.500730 12.050954
601093.437690 2327061.902160 7.790003
601388.916428 2327882.255620 12.972450
601241.140483 2327471.977340 8.995290
600652.084270 2326784.627050 7.894844
600406.473560 2326418.750870 12.701497
600901.964670 2327503.419310 9.215605
600687.216592 2327221.281160 7.722953
601111.891691 2328263.459060 10.898004
600826.243967 2327831.541060 -5.328645
600798.238145 2328627.309030 11.782563
600461.355591 2328892.080070 13.026718
600336.366687 2326890.793950 8.215199
599985.516783 2326560.306760 12.869536
600562.788880 2327534.861300 5.235801
600238.894011 2327341.035840 2.845663
600172.851313 2328696.092360 12.042728
600584.687501 2328271.626560 8.599256
600438.361169 2327848.441460 -4.925675
600267.238816 2328426.962620 11.254675
598885.542991 2326312.351930 12.190604
599893.192403 2327017.494330 8.475732
599149.479143 2326558.582860 12.778197
599547.643238 2326632.065600 12.689712
600116.054844 2327649.472380 -2.238278
599804.420284 2327457.091280 -3.550048
599912.951510 2328495.543760 12.484659
600140.728668 2328070.658680 7.943028
598517.633455 2326196.919010 11.377001
598725.944798 2326588.049660 -6.582203
599570.849034 2327061.822210 -6.650625
599162.733773 2326979.595550 0.126015
599447.860583 2327650.844650 8.422725
599719.062208 2327879.781960 8.537243
598078.094381 2326205.708800 11.674128
599636.968295 2328286.308760 12.721357
598276.838949 2326619.295580 -1.401878
598635.893745 2326940.720500 8.993196
598816.994678 2327325.244730 9.408614
599176.658984 2327421.907380 9.378121
599191.293226 2327886.740990 8.779407
597639.185346 2326364.501320 12.431785
597800.366196 2326652.445530 -4.303141
599206.671317 2328375.201300 12.207861
598171.024643 2326981.422380 -3.415477
598446.736491 2327343.529650 9.713765
598824.324221 2328037.683050 8.596988
598820.591943 2327674.903200 9.227329
597500.480111 2327067.666450 -1.001017
597294.935855 2326687.610170 13.167559
596884.186427 2326909.953240 12.183872
598894.349551 2328738.029710 12.910006
598859.336884 2328387.856360 7.957344
598455.717033 2328103.850450 8.771612
598059.630035 2327362.646610 9.432170
598441.977116 2327700.164840 9.635580
597599.158965 2327589.175990 7.929494
597079.167946 2327195.791790 8.768844
596657.855828 2327323.917160 13.259452
598474.451850 2328868.563670 12.171668
598286.392352 2328520.837140 8.585544
598095.815110 2328168.455210 9.690026
597748.246427 2328030.996960 9.630834
597249.523840 2327677.243560 -5.822828
596899.888739 2327765.311160 7.167809
596348.202569 2327687.275650 13.524974
598041.398948 2328899.754990 10.127373
597496.097089 2328278.663180 5.389731
597768.748006 2328589.209080 9.851856
597141.921672 2328206.705150 -2.937911
596562.716814 2328092.518210 8.971889
596073.578530 2328084.799450 12.446097
597625.987535 2329089.493170 11.197186
596777.231094 2328497.760760 4.013798
597383.954606 2328648.099160 8.861124
596344.876480 2328465.045090 8.820349
595777.200509 2328458.513060 12.741852
597206.259626 2329308.245890 12.622119
596491.730051 2328883.379450 7.990496
596991.745350 2328903.003320 2.522344
596127.036146 2328837.571990 8.389325
595425.467647 2328724.550100 12.718171
595765.230621 2328779.285530 8.944415
596826.707424 2329595.689920 13.157402
596476.871771 2329216.630950 8.853261
596028.478898 2329187.486440 9.028364
595553.428075 2329101.542510 11.627037
596614.504487 2330018.864520 12.355479
596373.651565 2329566.242310 6.580742
595929.921674 2329537.400880 9.190256
594402.757660 2322995.688480 11.833727
595494.471215 2329509.097610 11.752431
596330.593013 2330396.153710 12.517373
596046.561170 2330094.819410 8.431758
595685.888426 2330009.153640 10.357209
594178.086933 2323398.706600 9.544319
593903.679530 2322999.823830 8.590615
595325.215723 2329923.487920 13.764710
596021.896885 2330756.782770 13.079904
595673.556295 2330340.135340 10.530162
594049.211165 2324241.159310 11.572867
593736.441955 2323422.500620 7.728329
594049.995740 2323811.294370 9.195461
593395.584815 2322999.851810 7.834847
592887.350172 2322999.851640 8.709361
595781.261358 2331144.197450 13.365218
595173.956125 2330359.108830 14.186290
595360.991254 2330950.016320 -6.979035
593772.093387 2324617.570360 11.737528
593307.198279 2323662.605160 8.438081
593642.178336 2324288.667300 6.017350
593474.688295 2323975.636210 8.202610
592875.950936 2323455.142870 8.930359
592379.172005 2322999.851620 8.861821
592380.703416 2323491.951530 10.631031
595454.097733 2331367.213930 13.108461
595121.637881 2331237.096470 12.981460
594924.754639 2330748.458040 12.487286
593324.816140 2324777.422200 10.520064
592864.557470 2323910.203650 9.007771
593216.752166 2324338.322140 8.924390
592498.985014 2323946.357230 7.262613
591870.976968 2322998.399520 3.402446
592002.310482 2323490.889140 6.394896
592133.412582 2323982.510830 10.481874
591362.726709 2322998.396830 2.555507
590854.613659 2322997.122630 -5.437536
594737.621192 2331266.290860 12.103122
594454.870910 2330823.463690 11.793531
592842.269076 2324800.414590 9.140810
592726.494787 2324350.273830 10.122015
591895.450472 2324378.220890 9.879570
592259.290275 2324454.541580 10.071080
591486.431545 2323435.528820 4.603680
591720.924429 2323927.143340 7.662865
591081.524971 2323434.449250 2.374347
590355.440477 2322998.003890 12.683430
590531.556582 2323296.737680 -1.259081
594315.933369 2331266.200640 12.228769
593986.143481 2330898.801640 12.574724
591531.610669 2324301.900210 6.888222
592385.168000 2324926.572340 10.281353
591751.586258 2324725.859560 10.136798
591308.436301 2323871.775860 7.092882
590763.194186 2323729.680950 2.100478
589980.998026 2323295.715520 13.420461
590217.952072 2323587.586070 -2.922675
593933.006296 2331527.587350 13.004278
593728.167734 2331222.085800 -6.378091
593529.341819 2330925.551630 13.795156
591149.713733 2324473.054630 9.810367
591971.561868 2325149.818950 11.419409
591492.838863 2325036.342560 11.402014
591175.430944 2324809.601100 7.031082
590841.274428 2324178.753780 4.615804
590475.611371 2324065.832730 2.057508
589750.738614 2323705.296870 13.337958
590109.948313 2323952.911690 -5.246583
593872.437918 2332008.489150 13.594145
593572.410641 2331623.118110 8.986279
593378.553484 2331323.311580 -7.567206
593109.272882 2330870.273960 12.414003
590777.865152 2324639.705730 3.706328
591658.857126 2325518.752720 12.550375
591235.082802 2325326.497810 11.577836
590818.952971 2325137.711020 11.626144
590391.232059 2324474.482280 2.950475
590004.598965 2324309.258860 -2.919849
589617.965880 2324144.035450 13.744997
593495.647266 2332200.573520 13.728358
593230.566861 2331713.681040 8.835731
593007.871647 2331421.685010 6.753013
592812.929400 2331100.945570 -1.334688
592752.407200 2330724.748560 12.929774
590410.197171 2324952.269630 4.484152
590988.246573 2325623.613480 9.931559
591340.296365 2325888.104510 11.838997
590500.250319 2325357.000180 9.234756
590008.532187 2324770.045140 -0.452354
589613.660903 2324590.902770 12.366327
592668.534989 2331511.739940 9.671310
593085.095636 2332097.415220 12.676570
592870.110735 2331795.151100 8.515719
592308.919607 2331215.911020 8.519569
592364.636247 2330895.189520 0.551727
592420.352878 2330574.468000 13.455138
590059.943367 2325158.211910 -0.704968
590597.534671 2325748.511570 8.337567
590932.762279 2326142.934540 12.288680
590181.547667 2325576.289340 -1.579378
589430.333097 2325009.644170 12.448576
590547.759116 2326427.684310 10.743783
592253.202997 2331536.632570 13.368722
592463.602402 2331810.006340 13.795444
592675.061532 2332099.560240 13.884603
591930.340463 2331393.556410 13.262531
592044.717829 2331079.436290 3.376553
592044.138413 2330729.685650 -1.650866
592101.037399 2330397.750280 13.487423
589709.689588 2325364.154190 3.369116
589881.809018 2325926.545310 -2.154959
590268.402603 2326073.174250 11.434422
589215.858934 2325425.406320 12.726072
590153.105684 2326696.105480 12.170672
591620.255394 2331215.567250 13.537826
591780.516050 2330942.961590 8.926753
591793.876632 2330629.215650 -3.375463
591754.784867 2330271.107150 13.131655
589528.274510 2325848.972690 2.371705
589840.690095 2326272.539080 -2.172470
589009.609197 2325845.389950 11.263939
589681.423109 2326629.131340 -1.042865
590033.643871 2327155.669420 11.686237
590059.175816 2327635.769140 12.020181
591486.715896 2330860.681040 13.779099
591104.479336 2329964.434230 13.147069
591302.127939 2330397.372230 -3.692761
591426.458564 2330118.352330 13.057747
589252.110127 2326411.666940 7.607473
588801.612377 2326269.447690 12.266167
589522.156124 2326985.723620 -1.600071
589669.177020 2327388.284880 0.923209
590033.797053 2328126.747300 12.168101
589598.762821 2327975.042530 -3.615133
591177.797345 2330676.392160 13.811104
590771.095298 2329837.627420 11.288822
590974.709029 2330245.391180 10.879091
589010.668416 2326815.777850 1.185433
588499.180699 2326645.832090 12.478212
589120.579227 2327324.258060 -2.506379
589163.728583 2327823.337750 1.292748
590008.679796 2328619.607180 10.329761
589650.911230 2328454.538550 3.844343
589301.196742 2328293.185970 2.998716
590841.399321 2330534.011200 13.809097
590461.749097 2329673.226350 13.847246
590631.660895 2330119.094770 6.341310
590156.127146 2329503.752720 13.635913
588651.280940 2327168.502540 2.523750
588181.982649 2327012.747010 13.041113
588728.694369 2327671.633000 6.669984
588817.452168 2328213.254330 0.616604
589844.170183 2329334.272070 13.289620
589714.297035 2329003.659890 12.302156
589018.572101 2328595.354770 1.898168
589371.936991 2328802.736590 -0.588584
590486.968578 2330411.176010 13.743711
590302.692530 2329968.420930 7.081960
589808.466807 2329718.456710 -6.450162
587858.625921 2327368.223460 12.884074
588184.103392 2327655.072620 10.802764
588503.545787 2327936.602980 5.927890
588584.336707 2328477.808480 6.518714
589412.327608 2329298.198560 8.921095
588812.863126 2328830.857900 0.007143
589024.035357 2329152.822620 -0.727601
590136.173289 2330277.465620 13.217667
589769.703047 2330135.572960 13.388210
589453.905647 2329808.226350 -2.633070
587510.179158 2327710.113340 13.329068
587901.863188 2327939.983750 5.860168
588131.101129 2328349.313640 4.584568
588351.221245 2328742.362630 7.281923
589167.455341 2329613.853930 9.353613
588665.788795 2329229.505800 -1.811867
587160.865731 2328058.104100 12.930362
589315.528979 2330235.787540 13.002462
588913.900582 2329940.701630 9.790306
587612.050918 2328225.181520 11.307777
587992.453976 2328997.055150 9.980508
587876.890402 2328651.434950 3.212140
588110.643815 2329350.529820 8.428612
588512.272198 2329645.615710 -2.444867
586905.758680 2328465.272130 12.602727
588970.141198 2330581.686160 13.234983
588626.077438 2330228.950470 10.956693
587249.822409 2328818.007790 10.762532
587593.886178 2329170.743460 6.328027
587723.353299 2329635.326090 7.876386
587995.884852 2330025.344100 -0.862673
587367.152501 2329479.140890 8.927718
586672.863051 2328874.944160 13.409611
588540.947947 2330805.380100 13.953053
588268.416381 2330415.362100 4.162294
587917.552205 2330394.034560 -4.210223
586984.210526 2329196.683470 10.887800
587490.551120 2330041.998760 8.479811
587140.418848 2329787.538320 2.134502
588188.985876 2331133.751960 14.244339
586440.154304 2329278.617440 13.893493
587839.219558 2330762.725030 8.594396
587489.453239 2330391.698140 6.125778
586789.920600 2329649.644340 11.060571
587066.738709 2330166.667990 1.491114
587845.894488 2331113.043140 0.910596
587852.248818 2331446.534490 15.497173
586107.522883 2329595.152450 12.979795
586403.467575 2329909.188410 10.592751
587390.635402 2330737.842820 3.716533
586994.827034 2330536.698000 1.904208
586699.412279 2330223.224380 9.506253
587458.916269 2331335.842710 -2.622812
587922.477795 2331809.774940 12.804250
587567.492444 2331828.192430 8.464949
586289.856033 2330273.234830 10.544955
585803.952323 2329946.588950 13.336215
586977.386878 2330940.103820 2.440623
586176.244490 2330637.281240 10.391085
586609.931548 2330846.685620 6.758491
587198.037956 2331635.714500 -2.056350
586959.946748 2331343.509640 0.502367
587321.038286 2331930.816440 2.538528
588161.788868 2332036.377420 12.887136
587937.640757 2332190.396860 9.873917
587444.038641 2332225.918380 8.691495
585731.943400 2330422.751920 12.293522
585809.166203 2330871.569460 11.558316
586503.519366 2331290.810720 4.297250
586035.077966 2331236.724680 7.765104
586872.047167 2331717.175290 -1.882629
587078.546335 2332133.771820 4.754582
588237.429037 2332400.373010 12.503884
587698.995814 2332412.892660 9.762525
587953.952987 2332599.866940 9.214400
587309.710627 2332658.677390 8.129144
586495.880262 2331684.014660 1.315224
585376.024838 2330749.674690 14.125722
585559.775678 2331181.846460 11.386598
586105.744867 2331649.622680 3.765552
585701.129097 2331613.954170 5.961163
586704.186491 2332039.389650 -2.475522
586917.716462 2332520.317620 9.308981
588364.683561 2332763.835530 9.216832
587573.031217 2332855.750240 10.044232
587971.519702 2333040.827790 9.449268
587163.055387 2333131.150550 9.997667
586749.367390 2332938.951200 9.917464
586219.678416 2332102.988020 -0.514306
585077.084709 2331126.115160 14.734387
585281.556610 2331576.967190 10.049826
585901.530484 2332017.060430 0.565954
585583.382552 2331931.132870 5.471937
586525.722322 2332381.957850 -1.634535
588284.641918 2333167.270860 14.592831
587990.431367 2333515.549260 14.633701
587576.743359 2333323.349910 9.881832
587274.424856 2333521.179570 10.290268
586883.851984 2333492.593230 10.627453
586538.685552 2333393.624040 10.406911
586335.679418 2332746.751840 -0.149109
586193.519144 2333294.654870 10.625689
585921.991421 2332554.552490 4.186909
584846.582930 2331538.622530 12.689103
585140.451727 2331954.113210 5.708256
585508.303449 2332362.353130 -1.034941
587817.426385 2333955.500010 10.621192
587385.794349 2333911.208620 9.268231
586995.221453 2333882.622250 9.966357
586604.648581 2333854.035910 10.928847
586051.358895 2333842.557930 10.655560
585919.432861 2332921.734170 -2.431010
585852.685849 2333414.903270 10.630465
585229.100046 2332723.795830 9.870477
584680.927480 2331977.954450 13.601007
584888.658730 2332367.253760 -2.711757
587497.163851 2334301.237690 14.227413
587067.510721 2334499.300570 13.734405
586836.079647 2334176.668230 9.526143
586325.445178 2334215.478610 9.813004
585927.315103 2334313.750300 9.634904
585719.583829 2333924.450990 11.126770
585503.186329 2333096.716520 -2.257681
585511.852554 2333535.151680 10.370877
584851.484785 2332902.286720 6.265221
584315.221641 2332288.910630 12.775801
584464.420007 2332707.581430 8.914245
586599.531484 2334588.399320 13.728596
586135.046395 2334703.049620 13.321521
585660.542179 2334776.985380 14.872465
585497.273051 2334310.480220 9.981170
585334.003932 2333843.975060 8.818519
584936.763450 2333364.452860 -1.733303
584328.464654 2333261.747300 1.853777
584047.930706 2333025.935260 8.899649
583831.663470 2332289.489580 10.676434
583767.396783 2332790.123260 0.611747
585192.599461 2334750.951310 14.524547
585049.222716 2334348.616840 10.221085
584905.845987 2333946.282350 11.301644
583477.228025 2332966.521560 1.316954
584594.130512 2333776.828250 8.730634
584146.202399 2333717.214990 -10.484867
583705.141657 2333275.087050 5.059873
583373.687666 2332263.079660 10.361782
583286.868216 2332707.498520 -1.025812
584764.262846 2334684.446790 9.669017
584680.554404 2334237.880740 10.836661
583203.793866 2333132.746660 1.020290
584341.026860 2334184.570410 10.648448
583861.118203 2333963.811830 -2.461938
583288.910677 2333564.743630 0.836310
583644.784661 2333745.264650 -0.763994
582919.509141 2332213.617680 13.500696
582853.405541 2332623.181290 -1.712154
582787.301928 2333032.744900 0.167552
584347.076879 2334629.005390 9.389604
582955.016844 2333535.441160 -1.318425
583896.568268 2334354.318030 7.757266
583586.202982 2334201.612580 9.688608
583128.184146 2333942.387360 9.702036
582446.603586 2332290.392540 12.885362
582372.471834 2332785.398020 -2.729651
582640.235953 2333407.127080 -1.426091
582300.124605 2333268.487540 -2.237073
583932.018353 2334744.824240 8.533580
582595.691717 2334219.920620 12.457964
582560.044462 2333758.566820 3.098472
582975.580365 2334300.945830 13.057089
583529.263288 2334645.169590 9.572095
583268.997362 2334253.214100 11.909612
581963.446911 2332341.267290 14.741196
581904.707328 2332795.473980 -3.423016
582229.518557 2333739.950510 8.797284
581847.396080 2333238.636120 -4.284737
582160.608163 2334200.091150 9.838000
583152.353612 2334570.813020 8.905748
581502.255248 2332470.412560 13.431071
581451.576719 2332886.555950 -3.898427
581679.419664 2333695.375550 8.463571
581736.916562 2334092.924540 13.500496
581400.972739 2333302.087140 -4.166243
581137.813559 2333101.114080 -6.456524
581053.007484 2332592.881460 12.929714
581351.992597 2333704.284470 6.894384
581304.093172 2334097.607690 14.292860
580943.841278 2333534.691380 7.492598
580721.979167 2333120.862680 -4.810286
580639.697683 2332695.457520 13.321705
580890.699118 2333993.164990 11.146899
580519.680710 2333507.951490 6.733326
580338.985434 2333089.438510 1.165559
580452.260817 2332383.297530 15.290747
580321.702006 2332632.021220 14.527641
580455.617418 2333941.649030 12.628559
579998.864971 2333535.050590 7.116044
579999.312325 2333028.269560 10.860171
580152.753994 2332213.150670 15.347585
579989.525460 2332565.756030 -3.159671
579996.288004 2334029.681630 14.166662
