1802 3
603984.427333 2330345.774300 1.397631
603816.244226 2330284.185260 12.487019
604048.314312 2330151.923840 -4.250713
603706.172064 2330154.992330 12.259098
603579.002616 2330044.309320 9.469649
603857.816902 2330047.612740 -5.379473
604045.141146 2329914.968640 -0.245739
603414.415184 2329979.814100 11.811777
603714.865794 2329931.626740 -5.004599
603552.737561 2329853.113590 0.435590
603868.648725 2329804.081890 -1.958864
604042.942738 2329659.525510 8.838561
603253.366182 2329904.873420 11.802713
603413.510627 2329794.555850 6.831056
603703.104271 2329715.380770 -4.590876
603500.144213 2329633.237890 -4.650540
603779.356088 2329456.036590 3.158896
604042.977191 2329404.064110 8.633760
603125.434921 2329779.960330 12.062710
603274.283718 2329735.998120 8.247804
603297.185929 2329551.095700 -2.079648
603607.301315 2329403.344730 -2.326727
603404.054789 2329403.009130 -4.459051
603819.996681 2329204.265040 8.667489
604042.975911 2329148.597020 7.692801
603076.822394 2329594.540050 9.115395
603211.183675 2329356.258640 -3.742336
603368.718352 2329190.083870 -1.958984
603581.174092 2329177.011530 0.409676
603805.553413 2328964.772700 8.361133
604043.014504 2328893.134820 7.632395
604043.205075 2328383.987560 7.655026
604043.917580 2328637.683060 7.338359
604043.037754 2328150.238740 12.346167
603955.484725 2327985.803650 12.348417
603026.421349 2329402.385610 12.283236
603168.968128 2329202.374440 -1.070610
603448.545788 2329036.278220 -2.414814
603271.618950 2329025.750680 -5.777517
603531.385763 2328876.668680 -2.805865
603809.571669 2328643.702780 7.777623
603883.261098 2328285.520390 8.888310
603810.056687 2328437.714240 7.777623
603851.367075 2328067.752680 7.899360
603740.000016 2328197.323800 8.478850
603820.606841 2327886.755160 12.395905
603586.130992 2328649.442410 6.936629
602979.276795 2329214.046090 12.662468
603102.952111 2329015.714640 -2.817217
603292.797577 2328868.990000 -6.327508
603375.350937 2328654.856800 -2.275471
603587.379094 2328489.028070 5.278002
603665.953401 2328338.849020 8.403027
603680.854016 2327994.371870 8.683950
603540.425230 2328102.509140 6.565514
603689.542773 2327785.333230 12.375995
602899.146885 2329042.289920 12.797926
603066.447727 2328861.705210 3.135595
603175.068557 2328660.001540 -3.790578
603310.543203 2328481.445630 -2.895281
603485.982140 2328342.049150 -1.236659
603396.949433 2328212.992720 -3.660038
603548.527309 2327891.378940 10.956913
603407.511839 2327997.424670 -4.080190
603582.681328 2327646.070140 12.511911
603538.945999 2327457.575560 12.039105
602849.665662 2328854.728380 11.757832
602984.754114 2328664.890210 8.711045
603104.747374 2328438.003050 1.521630
603086.171347 2328299.970580 5.856080
603251.946089 2328324.652600 -3.590695
603266.496369 2328103.470380 -3.840732
603488.239836 2327264.359990 11.975422
603310.154899 2326474.753780 12.842629
603335.988216 2326682.857970 12.508217
603387.482798 2326880.388090 12.162935
603437.955959 2327072.556640 12.078767
603432.456898 2327761.479820 3.411547
603137.595196 2327988.006900 6.304505
603283.604355 2327875.835560 -4.798339
603363.590030 2327546.110690 3.147435
603320.584197 2327377.972140 -4.160987
603107.932982 2325954.193990 12.660180
603214.128146 2326091.901450 12.661719
602804.081132 2328669.531250 12.269593
602935.194644 2328538.604820 8.230133
602943.583707 2328286.137970 8.358839
603067.595321 2328161.938100 8.783620
603118.290977 2326239.667200 8.216099
603262.455968 2326276.128150 12.811477
603277.425274 2327186.076160 -11.199348
603175.835090 2326543.510590 8.052389
603173.719702 2326804.004170 -3.045198
603224.746522 2326977.746380 -4.829875
602986.615511 2328002.754160 8.406656
603236.453122 2327698.469610 -3.895266
603093.539344 2327812.280830 8.218969
603153.600260 2327491.129110 -2.072380
603085.036812 2327274.490810 8.348296
602843.449983 2328421.607560 8.997537
602825.867624 2328225.003060 7.416708
602976.052756 2325844.832530 12.635678
602931.950437 2326038.305190 12.660180
602795.080600 2325769.376340 11.973807
602702.434523 2328527.653290 12.269593
602847.907500 2328085.756610 8.407776
602846.627933 2326257.071240 9.339185
603013.074490 2326401.894470 7.663837
603080.108692 2327103.332900 -1.560579
602958.326378 2326620.835610 -0.948447
603011.451192 2326925.150390 -6.376810
602891.430286 2327874.218690 8.407776
602991.976487 2327600.653750 7.836571
602940.650534 2327740.300750 9.204979
602914.540238 2327372.045960 8.580790
602930.345421 2327211.959320 8.746787
602714.030676 2328313.409730 7.416708
602713.088286 2328166.432040 7.416708
602563.879845 2325773.451400 12.007283
602761.785914 2325959.431080 9.158213
602320.183010 2325799.017580 12.659594
602576.452214 2328419.104210 11.865925
602744.739849 2327968.606460 8.904085
602640.844621 2326208.799400 8.189206
602696.466057 2326428.152430 7.505393
602852.568275 2327043.769000 1.667917
602750.252313 2326640.267940 -1.072220
602802.264497 2326845.387240 -5.063617
602675.679235 2327814.993180 8.904085
602710.477308 2327113.050020 8.248093
602740.654942 2327674.581320 9.377916
602806.675124 2327518.967890 8.580790
602736.537731 2327269.821290 8.898842
602573.031271 2328226.794110 6.901476
602624.817184 2328069.468530 7.416708
602456.853478 2326083.325210 8.781618
602076.675416 2325824.059840 12.416577
602276.014634 2326001.493690 7.938670
602454.588365 2328321.117650 12.865561
602531.039064 2327966.455740 8.904085
602552.348998 2326647.655650 4.450488
602486.269778 2326489.212530 6.726584
602418.458128 2326326.615420 8.085179
602683.568940 2326951.177820 -3.544495
602622.417028 2326792.518490 -6.818470
602506.838904 2327730.997580 9.151901
602553.080517 2327136.713050 8.806003
602579.728635 2327563.619330 8.670138
602636.261439 2327425.264530 8.670138
602539.752762 2327277.310420 8.806003
601840.922908 2325824.966210 12.634698
602467.675789 2328146.882970 6.901476
602231.846299 2326203.969810 8.085179
602041.172428 2326078.529160 7.755089
601836.041984 2326045.527270 7.332404
602337.156134 2328230.865700 12.848315
602349.336259 2328012.431860 9.350010
602360.078686 2327834.779290 9.350010
602354.445682 2326655.043380 3.085295
602196.071635 2326444.431440 7.572403
602312.629775 2326894.450830 -5.235952
602494.581767 2326944.769050 -4.606545
602352.961675 2327630.747750 9.151901
602395.683726 2327160.376100 8.723216
602416.966556 2327461.007390 8.901945
601635.517100 2325772.900870 12.602924
601630.769464 2326022.085530 8.655324
601432.109432 2325722.151430 12.631444
602006.839144 2326324.614460 7.734026
601787.351821 2326269.130490 7.332404
601537.186717 2326162.833430 7.603057
602221.675065 2328122.649960 12.840590
602216.891722 2327936.034190 9.350010
602256.446641 2327748.595630 9.151901
602127.140087 2326843.154300 6.352280
602156.542391 2326662.431110 6.965002
601973.685142 2326562.247490 8.029963
602248.040797 2327040.541000 -8.994004
602079.364644 2327027.159830 -7.674657
602236.773853 2327503.508020 8.922306
602228.531571 2327264.168870 -0.316398
601342.298306 2326218.346550 7.644572
601425.496945 2325998.643820 7.474466
601204.426348 2325747.270420 12.766467
601760.566285 2326491.212650 7.307045
601579.638834 2326355.969310 7.307045
602073.704755 2328037.289100 12.773804
602100.236376 2327837.976430 8.466843
602088.703120 2327614.054480 9.382959
601941.650423 2326791.857760 7.227893
601822.008804 2326679.664200 7.894511
601650.708268 2326757.568410 8.583423
602022.568706 2327181.805290 -6.299038
601910.688515 2327013.778650 5.605813
602061.379416 2327367.961670 8.188975
601328.337371 2326409.102990 7.839790
601147.409921 2326273.859670 7.922605
601217.783958 2326085.482640 7.644572
600991.845877 2325848.131120 12.728798
601509.264822 2326544.346340 7.606694
601944.026116 2327927.357230 12.880166
601950.353871 2327740.162240 9.486014
601970.240930 2327525.035870 9.073863
601473.846777 2326838.001680 8.583423
601707.439229 2326931.695630 7.679113
601880.749324 2327228.369170 -3.807114
601681.437080 2327147.282650 4.745420
601851.778741 2327436.017280 3.781821
601257.963359 2326597.480070 8.152653
601077.035908 2326462.236720 6.737857
600963.413184 2326292.836120 7.582929
601022.316403 2326130.785210 7.661587
600827.608852 2326016.649400 12.449179
601137.298825 2326769.430390 7.999416
601305.572801 2326803.716020 7.682323
601796.503621 2327832.204430 13.110762
601800.540852 2327649.767970 10.512013
601446.045077 2327094.375380 7.810570
601629.432756 2327578.456710 -5.209002
601655.434930 2327362.869670 -6.070039
601006.661896 2326650.613780 6.737857
600904.509964 2326454.887040 6.737857
600802.358016 2326259.160290 12.050954
601016.634291 2326941.380720 7.620363
601210.653099 2327041.468120 7.790003
601603.430626 2327794.043740 13.139240
601460.973116 2327622.398330 -7.386433
601251.352827 2327282.445910 8.657331
601407.041853 2327417.755910 3.441422
600816.023655 2326880.579020 7.894844
600766.195803 2326632.938430 8.020736
600664.556524 2326429.782910 12.302793
600621.288531 2326758.745450 7.980892
600891.757239 2327105.977060 7.721388
601072.868456 2327245.912430 8.532731
601389.991145 2327879.773840 12.972450
601284.283564 2327668.486710 -9.718914
601178.576023 2327457.199560 8.995290
601109.309312 2328264.133160 10.898004
601205.325248 2328039.217310 12.711762
600594.618484 2327079.821260 7.722953
600472.477138 2326887.942040 7.789169
600509.872513 2326560.866680 9.451630
600441.758485 2326404.532070 12.701497
600350.335791 2326696.062840 8.113628
600838.901201 2327463.579680 8.781977
600716.759855 2327271.700460 7.722953
601083.183893 2327847.338100 -3.800986
600961.042547 2327655.458870 -0.026830
600939.589264 2328444.872550 11.658056
600842.704470 2328288.662780 8.288330
600973.201985 2328091.515430 7.527232
600491.861955 2327242.895800 8.299532
600391.886742 2327085.892980 8.515783
600291.911553 2326928.890190 9.276840
600228.194464 2326504.183640 12.324500
600172.093929 2326740.274810 8.113628
600646.489823 2328826.737060 12.662995
600785.385391 2328638.635970 11.782563
600760.296192 2327654.219000 -2.661849
600621.222372 2327446.917360 8.474969
600853.876402 2327903.931760 -6.117692
600718.317019 2328428.312170 9.769452
600751.420582 2328141.483480 8.288330
600411.583899 2327430.870480 8.674270
600274.864429 2327215.103020 8.515783
600117.897561 2326968.352610 9.276840
599995.291372 2326557.113410 12.869536
599968.852898 2326786.368120 9.011530
600459.322336 2328891.480560 13.026718
600291.997445 2328815.357840 13.049086
600557.429323 2328658.124100 7.834474
600565.522309 2327723.498050 -4.237777
600684.289767 2327838.556050 -5.279529
600446.754877 2327608.440080 -1.331153
600475.376406 2328463.082520 8.599291
600610.795143 2328016.801310 2.171112
600539.719228 2328189.180500 7.918157
600262.882351 2327676.363350 -5.853714
600209.685564 2327415.416100 2.845663
600065.632027 2327188.304790 8.691302
599943.308934 2327007.866530 8.475732
599779.642375 2326647.738690 12.814981
599780.630140 2326861.947300 8.344913
599559.252098 2326630.890360 12.689712
600164.273216 2328691.735330 12.042728
600335.875276 2328637.096740 7.834474
600311.918931 2328397.896710 8.255267
600436.838735 2327846.582330 -4.925675
600337.814807 2328234.670210 8.599291
600381.254875 2328090.561430 8.406292
600242.717670 2327836.010510 3.686286
600051.494791 2327570.786820 -3.292473
600087.786875 2327741.044310 6.481801
600015.202756 2327400.529330 -5.914116
599918.673012 2327221.491050 -1.287284
599737.697316 2327076.963800 -1.180269
599540.875657 2326834.548840 7.946496
599522.499241 2327038.207350 -6.650625
599036.372196 2326421.260070 12.655360
599147.574988 2326558.212980 12.778197
599352.372580 2326578.239850 12.928835
599359.437340 2326788.561440 6.166296
598902.742506 2326321.705370 12.190604
598746.383583 2326231.538980 11.638655
599994.331267 2328631.596860 12.886487
600126.576788 2328384.025420 8.450554
600059.309786 2328509.953200 12.484659
600223.005384 2327992.076090 8.276790
600180.338182 2328153.075680 8.255267
600069.637321 2327896.628670 7.534094
599871.948696 2327626.649690 7.613942
599919.518443 2327803.203370 7.813388
599717.361434 2327285.061480 -5.326280
599783.415915 2327466.075930 0.150967
599504.122801 2327241.865860 -3.362362
599366.502139 2326998.883070 -4.921477
598959.650794 2326556.754670 6.058377
599178.604385 2326762.841350 -4.665137
599159.404419 2326980.818940 0.126015
598766.448195 2326555.255380 -6.582203
598543.492917 2326200.421440 11.377001
598756.288952 2326391.349310 -0.160700
598318.997424 2326177.406270 11.465734
599899.889786 2328485.657530 12.484659
600064.522674 2328263.616330 8.450554
599952.052792 2328370.963770 8.450554
600025.867148 2328073.038450 7.943028
599677.448961 2327693.486990 8.422725
599874.086951 2327994.395480 8.595647
599785.135286 2327838.943290 8.537243
599590.004564 2327469.104710 5.206625
599380.631687 2327419.526270 8.295055
599498.777521 2327758.671100 8.422725
599241.729068 2327179.127340 8.162136
599011.495523 2326874.042600 -1.809519
598897.433586 2326697.109880 -8.053969
598967.176365 2327094.046390 8.805873
598688.667451 2326711.524830 -0.319099
598567.768860 2326553.713620 -5.362314
598453.459535 2326376.274660 1.453522
598085.071523 2326204.000860 11.674128
598119.729959 2326380.156530 8.628166
599787.531795 2328358.650790 11.809584
599807.557111 2328185.005950 8.705153
599604.931322 2327875.960590 10.303606
599612.394701 2328079.388510 10.303606
599387.908910 2327636.172220 9.210913
599171.820239 2327424.373640 9.378121
599340.646944 2327831.457270 9.149451
598963.608213 2327292.543880 9.408614
598832.348723 2326912.828950 8.782955
598767.154310 2327211.864700 9.096942
598575.378503 2326850.468480 8.974523
598473.281249 2326726.396940 -4.655917
598153.244250 2326550.496860 -3.560545
598363.426189 2326552.127900 -6.711956
597858.566505 2326269.054880 12.044633
597937.056944 2326548.819230 -4.411908
597642.148787 2326362.322710 12.431785
599619.858095 2328282.816470 12.721357
599428.784693 2328076.807650 7.884818
599178.258461 2327654.378570 9.083525
598959.959339 2327495.534560 9.227329
599184.855366 2327890.052410 8.779407
598753.864723 2327390.543560 9.134878
598612.849524 2327102.812200 8.993196
598585.663756 2327277.547290 9.306014
598458.544762 2326993.759720 8.997171
598301.323952 2326786.688830 -3.516285
598139.106990 2326729.441140 -0.889437
597714.707239 2326547.093770 5.781422
597883.479194 2326728.159090 -1.598998
597486.046360 2326545.319350 12.855273
599409.783559 2328287.389700 12.837468
599191.614577 2328131.524790 7.884818
599022.689581 2327950.293270 8.779407
598740.575160 2327569.222440 9.134878
598936.537072 2327739.837040 9.163003
598558.478038 2327452.282380 9.134878
598513.542283 2327645.479430 9.635580
598401.325949 2327224.285010 8.997171
598237.206687 2327028.860600 7.169464
598124.969729 2326908.385420 -2.884278
597828.544999 2326912.039370 -0.467535
597657.295666 2326728.679360 -6.584195
597292.196966 2326688.039940 13.167559
599198.539585 2328378.919490 12.207861
599027.290258 2328195.559460 7.832325
598856.040925 2328012.199450 8.596988
598684.791616 2327828.839440 8.892311
598814.755941 2328211.269180 7.544454
598362.052964 2327773.545350 9.885042
598342.292950 2327462.119400 9.635580
598219.072213 2327622.721370 9.483554
598171.043641 2327278.759390 8.088327
597999.794308 2327095.399380 -4.230108
597908.624701 2327289.543850 5.485633
597653.631983 2327019.830490 -0.732066
597395.807462 2326909.450330 -2.923203
597101.000071 2326829.175550 13.368343
599031.523230 2328548.782780 12.956080
598878.829150 2328401.127070 7.957344
598888.513008 2328741.142860 12.910006
598534.960067 2327976.084130 8.771612
598210.563669 2327901.611290 12.260473
598668.040199 2328374.144210 8.316751
598662.743116 2328112.660030 7.204889
598097.578757 2327781.072050 12.260473
598033.252518 2327498.529830 10.650559
597736.003153 2327253.060810 0.266711
597817.455119 2327483.688350 9.123449
596882.505196 2326909.548790 12.183872
597499.417996 2327130.860700 -2.202570
597223.836687 2327034.784410 6.320476
596996.730973 2327073.325330 8.768844
598733.707927 2328602.070100 9.419582
598692.972338 2328866.538080 12.814193
597977.676716 2327937.348600 9.690026
598385.330076 2328123.130770 11.807735
598225.753758 2328083.317720 11.807735
598521.324482 2328537.019270 8.585544
598453.327267 2328330.075010 8.316751
597898.565646 2327713.349160 9.258480
597605.162991 2327465.369740 3.305827
597694.363399 2327683.179410 9.258480
596769.625303 2327111.866270 13.139742
597392.870888 2327447.051130 -2.683993
597346.673307 2327240.393290 -4.168635
597154.323949 2327197.550940 7.389322
596873.718668 2327264.080410 8.944450
598485.372417 2328867.115660 12.171668
597825.307420 2328041.550300 9.949160
598510.857754 2328709.053240 9.419582
597942.732330 2328238.100820 9.690026
598240.943846 2328265.024170 9.648401
598308.941037 2328471.968430 8.585544
597587.451443 2327858.968190 7.455765
597490.161178 2327653.009660 6.614037
596659.842897 2327318.634070 13.259452
597262.033535 2327644.530390 -0.864464
597160.375862 2327453.972200 -5.158025
596977.812053 2327416.294600 8.302438
596793.381451 2327504.245280 8.284770
598288.007585 2328816.036410 12.169166
597641.400497 2328047.189740 9.630834
597782.032023 2328270.885270 9.630834
598211.237407 2328598.665140 10.081423
597879.322288 2328476.843800 8.812434
598096.557617 2328406.917600 9.648401
597457.493598 2328052.829180 7.526145
597359.323800 2327850.488920 3.537427
596532.049938 2327520.311520 13.404237
597131.196206 2327842.009650 -8.287015
596974.078442 2327667.551120 5.886732
596698.254943 2327703.914460 7.855734
598073.902863 2328888.760870 10.127373
597554.783888 2328258.787730 5.389731
597670.198278 2328454.572600 9.851856
597916.785079 2328714.302330 9.543118
597327.535754 2328246.690190 6.725341
597193.997166 2328061.078950 -6.525865
596349.173829 2327682.367130 13.524974
596999.440783 2327990.364650 -5.052825
596810.242862 2327910.079700 6.618095
596485.575471 2327870.541340 9.565644
597861.690054 2328989.135090 10.531554
597461.074317 2328432.301400 8.177178
597529.280014 2328621.929190 9.851856
597695.485023 2328805.532130 9.347815
597276.258317 2328491.646620 7.218077
597153.549802 2328295.772970 4.722832
596181.819235 2327861.116760 13.227414
596621.977106 2328058.715550 8.971889
596867.685359 2328138.719710 6.632647
596979.563851 2328344.855770 -2.779808
596363.292936 2328061.228660 9.598096
597644.821656 2329079.384240 11.197186
597366.628718 2328689.616040 9.559583
597505.725182 2328884.500140 10.153059
597203.320809 2328757.127920 9.178910
597091.442317 2328550.991830 7.422228
596076.913912 2328078.144140 12.446097
596513.542014 2328242.201700 9.598096
596718.444388 2328369.089710 7.617726
596913.999982 2328523.287340 -5.541010
596241.010401 2328251.915990 9.390703
597427.077783 2329169.400060 12.511971
597293.963336 2328985.760740 9.355909
597041.316664 2328857.612640 8.711843
596848.436112 2328701.718930 -6.589746
595920.909922 2328262.716460 13.098616
596405.106921 2328425.687860 9.195909
596569.203416 2328599.459740 7.995620
596078.163560 2328428.286130 9.799225
597225.589468 2329294.547220 12.622119
597061.492950 2329120.775350 9.704425
596897.396431 2328947.003470 -6.261469
596616.783413 2328845.892710 4.047883
595570.623380 2328561.890110 12.826500
595777.519629 2328455.792800 12.741852
596392.670896 2328759.425450 8.820349
596235.417241 2328593.855790 8.820349
595954.234565 2328643.061520 4.504954
596488.471585 2329007.742140 7.990496
596864.431887 2329256.134480 9.743354
597021.685560 2329421.704150 12.866085
596666.209579 2329145.729470 -3.603421
596837.809252 2329579.405170 13.157402
595423.929967 2328723.967080 12.718171
596307.664428 2329017.598970 8.095050
595695.379145 2328684.428360 12.261189
595931.757965 2328825.518000 7.380207
596130.949497 2328830.330240 8.389325
596484.379360 2329204.867710 8.853261
596740.355593 2329391.446350 -2.068682
596616.279274 2329526.757950 -4.921574
596724.763656 2329789.455800 13.201762
595475.547478 2328916.179130 11.697628
595620.296483 2328893.418750 10.157657
596245.356963 2329223.909730 9.177606
596085.256991 2329119.763740 8.945702
595763.025977 2328944.864720 8.373548
595910.507241 2328998.023490 8.373548
596433.497843 2329424.053910 3.507845
596524.966877 2329700.875040 -4.886911
596622.785107 2330002.417210 12.355479
596184.858239 2329424.229520 8.794524
595551.422258 2329085.128170 11.627037
595977.253250 2329374.891610 9.028364
595883.165230 2329212.595970 9.028364
595713.923706 2329147.567170 10.062217
596328.027192 2329613.560960 6.580742
596398.016398 2329899.281660 -1.434927
596496.887633 2330202.327040 12.195979
596066.668669 2329558.620260 8.794524
595573.015967 2329278.823510 12.205470
595840.008648 2329500.439200 9.190256
595757.475345 2329360.604370 10.300988
596173.247687 2329796.146090 5.934251
596282.178861 2330103.384580 -4.549423
596340.008890 2330381.491290 12.517373
595948.479001 2329693.010540 7.813164
595498.941598 2329486.739450 11.752431
595698.530804 2329629.856960 10.446578
596073.295241 2329954.043370 8.530124
596156.675848 2330246.715980 -4.352793
596182.948601 2330563.210180 12.675839
594401.320623 2322995.669220 11.833727
595852.761300 2329905.499690 9.566692
595638.052531 2329806.557250 9.672852
595423.343774 2329707.614820 12.521219
595903.981886 2330945.110710 13.238002
595778.277004 2331146.782070 13.365218
595973.342821 2330111.940680 9.566692
596011.349791 2330434.436330 -6.771639
596028.805156 2330743.985520 13.079904
595656.199376 2331341.120000 11.141841
594321.623872 2323224.160220 11.971918
594152.650621 2322998.845420 5.886354
595595.349133 2331201.925520 7.880384
595324.954648 2329919.340990 13.764710
595730.976325 2330104.201110 10.357209
595527.965484 2330011.771030 10.972759
595602.549329 2331003.028360 7.897086
595696.827991 2330851.774850 6.425338
595718.256839 2330352.451490 10.530162
595834.995124 2330593.412340 -6.060975
595452.557235 2331366.370840 13.108461
594170.226799 2323411.009900 9.544319
594036.494486 2323208.120700 6.296973
593899.198750 2322999.825270 8.590615
595413.016474 2331167.915880 9.689381
595253.565115 2330141.692840 16.469667
595485.910985 2330247.072160 10.972759
595426.821658 2330859.274700 -7.144101
595385.867519 2330456.114580 11.179983
595537.768428 2330652.634150 -4.478595
595244.523594 2331136.487760 11.303289
595291.556368 2331293.503610 12.981460
594047.808921 2323608.150260 11.298833
594000.250895 2323413.474970 11.298833
593730.259690 2323313.587820 6.169083
593645.611616 2322999.832040 9.099391
593563.811260 2323159.188250 9.099391
595263.940272 2330951.185780 -7.091960
595171.554979 2330360.157640 14.186290
595282.520240 2330665.103170 2.733947
595116.916231 2331034.149200 9.449295
595134.839065 2331233.600810 12.981460
594072.856514 2324040.941170 11.600961
594048.557632 2323827.269390 9.195461
593876.946061 2323671.250240 7.542009
593700.494854 2323510.831150 8.161491
593518.821938 2323345.664780 7.728329
593392.019291 2322999.831970 7.834847
593331.574711 2323175.430600 8.973730
595136.792794 2330776.835470 -2.636670
595075.366360 2330571.767340 12.946367
595001.073348 2330926.377520 -7.139391
594947.177945 2331201.596700 12.944333
594043.633532 2324255.922030 11.572867
593909.806894 2324008.547940 7.270910
593893.376465 2323839.899090 7.270910
593950.259697 2324465.192730 11.345964
593623.195285 2323843.265220 7.270910
593550.894652 2323675.844140 8.161491
593450.962560 2323509.207780 8.230160
593138.426914 2322999.831970 7.834847
593190.831860 2323507.515460 8.230160
593129.556303 2323256.621890 8.051987
592884.834537 2322999.831970 8.709361
594923.266233 2330747.675850 12.487286
594822.831141 2331005.316010 0.065150
594739.182477 2331265.367500 12.103122
594676.317054 2331110.260990 11.325392
593765.875421 2324621.125440 11.737528
593767.940596 2324193.896980 6.639634
593695.495917 2324010.686320 6.116768
593622.772729 2324383.559570 6.017350
593461.555742 2323896.705300 8.202610
593312.356461 2323681.843760 8.438081
593111.815113 2323770.201720 8.438081
592912.191416 2323256.621890 8.930359
592939.548286 2323513.411800 8.930359
592626.784493 2323235.688310 9.095532
592631.279866 2322999.831970 9.727998
594691.569802 2330798.120790 11.033227
594491.989030 2331023.472440 -0.602521
594529.803000 2331215.206000 11.834077
593563.998670 2324753.692950 10.249482
593474.128692 2324577.763770 8.467352
593523.820431 2324230.695470 7.090819
593409.731095 2324376.788980 8.467352
593243.236809 2324015.198960 9.486090
592914.171629 2323771.132900 9.185823
593048.423428 2324022.336860 10.136022
592716.528145 2323772.064110 9.595488
592688.112065 2323514.653390 9.622011
592433.290301 2323471.532460 10.631031
592405.533077 2323235.682230 10.377829
592377.775885 2322999.831970 8.861821
592124.252455 2322999.811170 8.150318
594452.420913 2330822.844510 11.793531
594311.059762 2331266.643460 12.228769
594319.186401 2331053.183390 -3.989994
594106.796776 2331376.597710 12.675874
593321.844249 2324776.724230 10.520064
593295.641758 2324522.882480 7.537065
593269.439284 2324269.040710 8.818163
593021.618944 2324283.781550 8.907987
592845.804539 2324286.885530 10.122015
592853.610540 2324029.474820 10.136022
592613.309291 2323942.687700 9.620426
592510.414333 2323739.739890 9.620426
591870.688090 2322998.379330 3.402446
591617.101301 2322998.383260 3.983088
591363.509150 2322998.382270 2.555507
592304.300547 2323707.415700 9.820532
592244.284500 2323471.547520 9.952716
592156.079410 2323245.921380 8.526665
591907.394937 2323256.346220 5.138953
594217.464522 2330873.799850 13.625118
594146.383772 2331082.894360 -1.434668
593871.053069 2332007.582960 13.594145
593736.810383 2332174.397590 12.924996
593931.615487 2331526.728480 13.004278
593988.123908 2331209.052480 7.697911
591109.920310 2322998.182440 -1.242154
590856.339724 2322997.107920 -5.437536
593076.332720 2324797.361410 10.349725
593048.975813 2324540.571480 8.157958
592837.998562 2324544.296250 9.411292
592662.931840 2324342.523850 10.122015
592480.059142 2324398.162160 10.060063
592515.540241 2324170.401900 7.262613
592364.170994 2323942.711750 9.820532
591678.555635 2323227.689260 3.952596
591454.811834 2323230.284370 4.181438
591206.833600 2323241.520630 2.600261
592063.161234 2323737.276680 10.481874
592127.125139 2323982.831690 10.481874
591740.010005 2323456.995270 5.395525
591944.101814 2323514.313090 6.394896
593981.707827 2330899.145280 12.574724
593869.451069 2331041.507240 -5.755251
593870.013741 2331763.157970 13.402293
593685.420378 2331986.447100 7.375836
593508.572315 2332200.367370 13.728358
593722.325338 2331538.490470 8.942110
593771.699316 2331367.397630 8.301432
590602.873399 2322998.375600 8.400450
590354.401731 2322997.984400 12.683430
590969.337247 2323216.220190 3.277670
590676.502057 2323163.490410 -4.556214
591082.334774 2323435.332490 2.374347
592830.192569 2324801.706980 9.140810
592538.003215 2324625.887380 9.614232
592312.671327 2324456.809170 10.017404
592282.067860 2324220.159800 8.860173
592054.859495 2324172.492800 8.860173
591546.114523 2323462.186450 5.238886
591303.746894 2323484.858860 4.766115
591862.918698 2323915.607320 7.289554
591635.767054 2323689.897280 5.759557
593750.778237 2330873.962030 13.031036
593681.368562 2331041.101960 10.035870
593611.958894 2331208.241920 -6.378091
593298.744253 2332148.255460 13.773027
593596.261143 2331736.949500 9.092464
593470.196949 2331935.408570 7.796146
593288.378827 2331980.319890 6.971002
593504.691650 2331514.466100 8.983090
593435.934136 2331296.789410 -1.743365
590141.469984 2323107.593510 13.271202
591195.332327 2323654.444780 4.620921
590452.909202 2323308.263880 -1.259081
590256.201628 2323283.497560 5.251106
590872.526234 2323392.976270 2.484450
590662.717718 2323350.620070 1.852110
590931.524713 2323655.773070 3.820259
592595.947313 2324853.612590 9.428149
592312.190005 2324693.288890 9.684127
592088.353828 2324528.080830 10.071080
591982.593852 2324362.153910 9.879570
591813.170015 2324140.487720 10.070190
591472.048442 2323781.727170 5.605432
591636.599081 2323971.650690 8.793699
591308.329854 2323873.557060 7.092882
593525.554790 2330924.006380 13.795156
593438.750367 2331107.108740 -0.683242
592872.573602 2332149.128380 13.854816
593090.430759 2332099.020910 12.676570
593125.799308 2331899.193640 7.775315
593391.109385 2331659.481690 8.831276
593277.526504 2331804.496880 8.458920
593295.116724 2331491.331330 8.160777
593267.273580 2331099.884570 -1.265883
593263.273780 2331291.054940 -4.556875
589985.094497 2323289.674300 13.420461
591050.698167 2323825.632620 4.892664
590062.598206 2323474.716110 11.584476
590533.313614 2323504.524850 -0.833207
590251.569930 2323463.551860 5.692625
590667.717123 2323657.101350 2.835980
590786.890553 2323826.960900 1.586920
592373.878320 2324930.107960 10.281353
592072.426824 2324798.980910 9.551500
591918.780548 2324628.269280 10.136798
591592.713616 2324210.421320 7.931864
591769.713685 2324446.059330 10.136798
591421.034927 2324092.102210 10.879108
591152.710191 2324055.703460 6.974069
593302.642147 2330900.057320 12.924411
592673.794515 2332098.645080 13.884603
592905.054816 2331976.695210 10.334114
592554.936494 2331965.211740 13.858402
592907.411235 2331771.077730 8.783110
593092.448505 2331678.743970 8.742513
593093.455132 2331469.070110 8.316080
593095.394442 2331065.134100 6.519595
593094.430935 2331265.821510 -4.574039
589843.017237 2323481.439320 13.694710
590906.064032 2323996.820450 5.747237
590140.101944 2323659.757930 1.968018
590403.909534 2323658.429630 -1.587743
590523.082964 2323828.289180 2.845592
590642.256418 2323998.148730 2.080641
592157.731156 2325015.647590 11.190486
591858.598131 2324940.576240 8.832225
591749.207318 2324728.457750 10.136798
591640.074808 2324886.915010 9.960816
591432.885870 2324402.167560 6.888222
591550.885932 2324559.259550 10.892996
591237.238984 2324219.612320 8.537935
590997.090528 2324237.849860 7.494708
593096.347939 2330866.530060 12.414003
592728.641752 2331860.283920 11.890944
592466.174309 2331811.932350 13.795444
592899.348655 2331478.010470 7.710807
592808.597711 2331626.429960 9.304668
592948.390532 2331325.060580 -3.307195
592951.419064 2331028.585900 0.879292
589753.109777 2323697.268060 13.337958
589965.868999 2323820.955040 5.185225
590761.429873 2324168.008300 4.615804
590223.116841 2323872.414440 1.692762
590402.554518 2323970.945710 2.826414
590515.701538 2324147.938090 2.355364
591967.988932 2325152.694770 11.419409
591749.465621 2325099.033500 9.598485
591537.215012 2324747.525180 10.892996
591530.942298 2325045.372270 11.402014
591215.831918 2324554.474090 7.076822
591325.222731 2324766.592610 8.261712
591028.651367 2324487.235180 6.582885
590841.470865 2324419.996270 6.387086
592916.185386 2330800.245390 12.560351
592629.691252 2331674.048010 9.753944
592400.983635 2331644.069200 13.760240
592761.806596 2331358.247720 0.940044
592713.068976 2331486.590350 9.671310
592809.545522 2331187.225400 -2.736968
592813.145017 2330969.010130 2.239779
589667.569034 2323913.977330 13.194503
589865.486163 2323967.077890 11.641793
590063.403326 2324020.178450 -4.656433
590616.795738 2324339.196130 4.418531
590219.015301 2324165.669500 -1.048485
590389.146682 2324297.727460 2.356934
591813.580401 2325338.226110 11.898444
591583.461677 2325258.316620 9.652334
591353.342955 2325178.407130 11.577836
591312.419000 2324991.711010 10.900671
591113.230450 2324785.660030 7.031082
590899.540826 2324693.901350 6.158131
590685.851227 2324602.142670 4.754698
592680.896419 2330907.934430 7.027383
592750.874630 2330723.900740 12.929774
592534.462217 2331494.816720 10.617417
592255.194146 2331539.476210 13.368722
592607.064322 2331306.539670 -2.385359
592610.918227 2331091.968100 -4.296703
589617.403144 2324143.349270 13.744997
589831.092757 2324235.107950 10.724951
590044.782356 2324326.866630 -2.919849
590472.161603 2324510.383990 3.297885
590258.471979 2324418.625310 2.959643
591652.650349 2325524.309930 12.550375
591439.220430 2325424.835840 7.617584
591225.790515 2325325.361790 11.577836
591127.360836 2325099.934070 11.577836
590875.372378 2324884.388500 7.819057
591016.269969 2325227.709750 11.626144
590449.502444 2324779.810590 5.566928
590661.122263 2324831.776600 8.283714
592519.247315 2330827.253800 8.260937
592585.260613 2330649.198220 13.286708
592089.464197 2331465.359660 13.214354
592321.207419 2331361.420600 8.155574
592453.466316 2331213.246010 -1.296862
592386.942045 2330975.662770 -2.203803
589566.207284 2324364.342700 12.679621
589721.327880 2324408.849400 1.565003
589925.510094 2324499.466120 -2.751561
590081.696359 2324613.655330 1.069336
590237.882624 2324727.844580 2.829969
591491.650813 2325710.606170 12.862752
590173.441093 2324888.402910 2.105523
591273.286907 2325578.404060 10.116187
591054.923006 2325446.201960 10.435157
590842.092686 2325317.349990 10.435157
590603.123143 2325035.152900 8.962858
590809.200290 2325131.200040 11.626144
590402.413773 2324941.607530 4.484152
592353.132736 2330751.934570 7.086268
592419.049873 2330573.578310 13.455138
591921.453104 2331389.068930 13.262531
592155.381327 2331287.003370 10.262897
592020.972446 2331225.970790 10.583672
592287.782744 2331138.895060 -1.444909
592220.011159 2330899.774550 -2.617919
592257.917317 2330492.818340 13.595848
589616.237706 2324575.191560 12.366327
589810.586636 2324665.772480 -5.127415
590014.036296 2324816.027200 -0.452354
591330.950744 2325895.198020 11.838997
590108.999587 2325048.961260 -0.302282
591006.259603 2325671.862400 10.406142
591168.605163 2325783.530190 10.406142
590810.279704 2325537.659580 9.931559
590643.847143 2325344.969940 9.707266
590524.362383 2325203.871410 8.710444
590276.180448 2325209.698630 3.890523
591756.489064 2331313.680300 13.015390
592105.375894 2330565.315490 9.201799
592190.624452 2330672.068450 7.327810
591856.774705 2331149.507900 10.723277
592056.038777 2331030.568680 -0.511954
592057.346015 2330821.163110 -1.198016
592101.714770 2330397.904980 13.487423
591947.677531 2330513.400660 6.427467
589524.560270 2324781.093470 11.597749
589703.689760 2324920.647150 3.898287
589882.819262 2325060.200810 -0.943889
591136.725743 2326037.076550 11.810225
590050.155479 2325292.732230 -0.944119
590778.466747 2325757.969180 9.931559
590957.596224 2325897.522860 11.799309
590618.382668 2325538.711570 9.867552
590445.601624 2325372.589920 4.883604
590225.353903 2325463.278480 -1.009795
591613.823883 2331208.420620 13.537826
591971.971102 2330709.724940 -2.552219
591769.106352 2331042.228040 10.581628
591941.413737 2330925.211370 -4.714715
591837.375990 2330656.472580 -3.076307
591919.999587 2330346.554460 13.302226
591811.391138 2330474.887780 6.105827
589435.169687 2324997.449360 12.448576
589596.304144 2325156.880590 8.437302
589807.914132 2325284.452890 -1.651477
590926.147557 2326145.463510 12.288680
589918.573055 2325475.743060 -2.275981
590575.750726 2325804.371000 11.270223
590750.949125 2325974.917250 11.799309
590400.552302 2325633.824730 5.921339
590079.707523 2325635.174300 -1.850999
591531.207172 2331044.069660 13.796441
591678.997927 2330931.961860 10.699382
591702.782702 2330603.221120 -4.668775
591826.788722 2330819.854090 -2.734463
591751.834637 2330269.862590 13.131655
591685.267413 2330417.368870 4.725429
589317.358903 2325200.695660 12.331570
589518.342664 2325353.867580 9.536169
589719.326452 2325507.039530 3.340280
589649.929918 2325659.581310 2.691601
590724.245359 2326272.899240 12.433549
590509.382254 2326150.235650 10.286224
589864.793008 2325782.244910 -2.184040
590401.976433 2325954.036740 11.967662
590121.294004 2325813.383410 1.972909
591485.565822 2330859.887800 13.779099
591543.749307 2330512.788480 -5.109644
591594.174240 2330731.554460 5.996585
591588.847363 2330194.611790 12.731798
591485.728158 2330314.737690 -1.951531
589220.203756 2325414.254170 12.726072
589435.066828 2325536.917740 8.657634
589554.533649 2325821.175320 2.371705
589638.906197 2326024.011730 -0.376847
590541.615843 2326431.047760 10.743783
590352.842673 2326285.791530 11.312424
589975.296353 2325995.279080 -2.548328
590164.069525 2326140.535300 10.629706
591382.608974 2330434.863590 -2.535484
591335.664018 2330755.714410 13.783712
591420.058459 2330568.680190 6.190413
591426.785294 2330118.307120 13.057747
591343.313714 2330303.909880 -3.772998
589114.826828 2325623.542680 12.949810
589286.982124 2325803.155990 11.735889
589459.137404 2325982.769330 3.273165
589813.599324 2326157.501430 -2.172470
589594.068560 2326203.127880 -0.313070
590337.678697 2326557.970510 10.191949
590178.039404 2326394.582450 11.864612
589988.292425 2326290.991110 2.591944
591259.842136 2330489.512650 8.766974
591176.370588 2330675.115430 13.811104
591304.629729 2330173.829480 4.869952
591265.945775 2330043.749100 13.404288
591203.567561 2330286.400160 -4.007976
589012.892455 2325834.927420 11.263939
589202.036813 2325979.309940 11.751677
589389.033523 2326165.979100 2.888085
589549.230947 2326382.244050 -0.380536
589769.469896 2326412.457560 -2.119934
590147.758628 2326701.222650 12.170672
589958.614249 2326556.840100 7.770313
591105.364735 2329964.631500 13.147069
591102.505418 2330398.970900 8.811701
591018.684039 2330581.148630 13.820940
591076.471162 2330170.137190 -4.859274
591001.871325 2330045.275190 3.679383
589150.212511 2326169.591630 3.059775
588950.703306 2326063.265460 12.105477
590055.382414 2326921.035790 12.422347
589318.929666 2326349.188880 8.365247
589432.396023 2326588.816240 -1.037296
589640.058153 2326699.556090 -1.042865
589847.720283 2326810.295930 7.227887
590927.271535 2329920.413220 12.659509
590926.349204 2330340.353230 11.835554
590835.317049 2330531.413620 13.809097
590838.999006 2330095.815760 -3.267302
589017.071789 2326367.336540 10.732758
588809.409674 2326256.596710 12.266167
590032.374946 2327163.604780 11.686237
589814.344642 2327088.208010 0.580975
589128.825477 2326608.027230 2.839659
589348.960987 2326807.563870 1.259277
589576.765621 2326926.244150 -2.764635
590033.021211 2327407.009460 11.879671
590766.843987 2329835.554670 11.288822
590749.670888 2330273.315880 11.916233
590659.206533 2330453.073750 13.774127
590644.454820 2330176.309250 3.999699
590670.208596 2330021.983960 0.076315
588942.223504 2326786.620970 1.185433
588897.186256 2326529.775090 3.822937
588665.547031 2326451.522960 12.641989
589794.059642 2327325.016920 3.150849
589621.756151 2327215.351100 -2.440276
589160.253776 2326862.017730 7.675174
589315.767264 2327021.943440 1.089099
589848.370341 2327542.288400 11.801833
590057.971676 2327642.185490 12.020181
590032.380082 2327882.371230 12.191648
590032.943646 2328133.098110 12.168101
590603.376760 2329770.490290 13.079866
590471.539656 2330405.256830 13.743711
590571.739764 2329922.815400 -5.659971
590505.846553 2330240.076650 12.526266
590539.238383 2330079.302390 11.193626
590463.162415 2329674.030490 13.847246
590315.651328 2329588.744810 12.121671
588838.028823 2326927.502570 4.388547
588724.193207 2326711.224200 10.631192
588506.162937 2326635.827450 12.478212
588778.312796 2327095.389080 3.349941
589638.769001 2327442.391290 -1.819322
589429.167685 2327342.494210 -0.995017
589004.944629 2327140.307290 8.431835
589219.566344 2327242.597140 -1.464490
589570.713388 2327663.417370 -1.752414
589812.894588 2327807.896100 5.630815
589810.418171 2328029.376670 7.636410
590004.872706 2328626.480590 10.329761
589843.085849 2328317.160050 11.290216
590032.589813 2328383.637500 11.524922
590423.395376 2329829.598800 -5.247230
590296.337322 2330326.648950 13.337571
590382.365025 2329990.109160 7.946569
590401.699379 2330135.800410 11.578500
590223.627904 2329736.140710 -2.727284
590162.237304 2329507.168450 13.635913
590014.053028 2329411.098130 13.470041
588647.380036 2327225.509700 2.523750
588599.251917 2326915.054230 10.906316
588360.290389 2326833.061720 12.487211
588878.213374 2327334.986630 8.856948
588715.467189 2327435.520540 8.086649
589339.880050 2327553.940470 -0.018251
589109.046712 2327444.463540 -2.840689
589365.367292 2327821.933790 2.205976
589587.892732 2327925.655230 -3.615133
589786.459485 2328644.178340 10.298308
589867.645852 2328825.466880 13.308956
589653.581921 2328250.682640 10.209878
589720.020691 2328447.430480 10.616383
589463.693581 2328111.286330 -0.304899
590217.169994 2329919.897470 3.393986
590113.460852 2330268.629170 13.103734
590165.986437 2330092.006970 11.002298
590065.789806 2329649.909080 -0.126759
590050.831312 2329845.629000 1.682150
589713.321383 2329003.049400 12.302156
589704.665143 2329213.565240 12.920918
589950.852747 2329577.693410 4.572099
589848.543584 2329336.966090 13.289620
588490.309482 2327414.060250 2.697073
588583.366999 2327576.273660 8.099942
588416.546699 2327116.032790 11.133201
588185.713381 2327006.555880 13.041113
588676.424540 2327738.487080 8.179491
588923.608226 2327616.025310 4.752024
589142.841828 2327718.212380 -2.041061
589298.678375 2327998.011280 2.878469
589568.046279 2328661.876120 -0.340656
589414.568863 2328977.869310 5.171027
589531.477239 2328841.311650 7.812444
589414.440414 2328327.452990 -0.083914
589491.243334 2328494.664530 -1.785065
589231.989457 2328174.088770 3.139147
589992.642265 2330022.412090 10.775358
589934.367702 2330199.455110 13.294968
589884.437016 2329752.764590 -3.576325
589814.620095 2329936.801340 6.842202
589505.301697 2329159.990990 11.866621
589582.696254 2329293.323960 12.617927
589660.090861 2329426.656950 11.929844
589772.665660 2329516.478170 11.199798
588392.273185 2327574.611530 0.823871
588224.641974 2327393.353360 10.828189
588429.240879 2327860.948840 8.225470
588057.010761 2327212.095200 13.126557
588616.899549 2328027.858220 7.360359
588863.854450 2327905.192970 6.058566
589058.609064 2328295.114680 1.855781
589100.119851 2328010.811120 -0.395790
589304.783732 2329106.106520 7.626911
589349.633098 2328679.573890 -2.591646
589258.155858 2328834.436230 -0.716073
589222.287143 2328472.098360 2.732319
589741.234177 2330130.245930 13.190936
589691.649186 2329708.147140 1.963668
589564.178847 2329885.174040 -6.896978
589386.258195 2329269.091400 8.921095
589468.788861 2329434.189150 10.851794
589552.463894 2329601.575530 11.080714
588241.582234 2327694.039490 6.612519
588053.923589 2327527.130140 11.394757
588431.515222 2328066.670280 5.032310
588243.097633 2327929.028310 8.115493
587866.264952 2327360.220810 12.884074
589180.945980 2329229.720620 8.870762
588619.932836 2328204.312240 7.350627
588986.170274 2328471.854320 1.898168
588804.100699 2328194.360660 0.616604
589100.718461 2329051.268790 0.221579
589030.573110 2328750.129670 1.293115
588875.525051 2328607.299600 0.886044
589512.604090 2330131.732390 12.937956
589427.280637 2329777.649060 8.704302
589327.902604 2329979.742370 -7.916515
589261.173499 2329408.172460 8.941892
589344.176814 2329592.798540 10.329952
588054.680019 2327791.386360 7.369717
587866.262406 2327653.744380 12.214045
588387.882344 2328281.277880 5.959408
588128.523672 2328065.666240 1.828537
587677.844816 2327516.102450 13.447778
589041.912693 2329363.193880 6.505254
588963.708655 2329182.799470 -0.727601
588662.159249 2328506.512000 -0.243476
588892.946214 2328995.434890 -0.379285
588777.708519 2328822.572800 -1.308588
589300.014541 2330245.150850 13.774750
589213.161213 2329824.689430 10.616164
589132.301500 2330024.969620 6.044460
589117.349535 2329660.235040 9.457774
587924.231169 2327944.830410 5.860168
587719.938641 2327823.994580 11.772414
588009.116234 2328198.034130 3.023352
588344.249467 2328495.885500 6.424028
588107.544385 2328408.199600 4.584568
587515.646148 2327703.158750 13.329068
588964.070916 2329543.681780 -0.186496
588822.651913 2329318.215330 -1.745605
588762.723585 2329162.304490 -1.440720
588543.805304 2328777.453650 7.290103
588702.795628 2329006.395430 -1.538810
589125.129294 2330213.591300 -4.513385
589117.772852 2330407.058270 13.239457
588993.677562 2329872.909160 9.530197
588933.540187 2330070.927570 11.146617
588883.865277 2329729.650720 2.204857
587786.717298 2328092.979550 9.681000
587562.382403 2327987.010500 12.347032
588309.902113 2328732.334500 7.256021
587870.839304 2328320.513730 5.073400
587914.699538 2328502.199240 2.860931
588071.661453 2328590.835660 9.607728
587338.047545 2327881.041470 13.848508
588774.052993 2329586.392270 -2.179573
588644.142778 2329288.943420 -2.324957
588677.209332 2329457.841580 -2.011342
588501.335913 2329018.007760 3.902831
588924.529179 2330262.375990 2.113388
588957.403352 2330589.682130 10.215860
588768.683762 2329922.339440 9.295749
588731.285505 2330117.693730 11.124872
588658.036913 2329776.442790 -2.080105
588317.721223 2329076.828820 8.756351
587634.134223 2328232.827860 11.307777
587397.429142 2328145.141990 11.307777
588222.004336 2328933.992190 7.764937
588037.342485 2328765.511540 9.845485
587689.871789 2328439.592990 6.285613
587816.896189 2328706.271780 2.784040
587160.724081 2328057.456120 12.930362
588527.069558 2329601.977200 -3.285799
588458.866523 2329258.561860 1.526816
588752.573583 2330392.881610 -1.064219
588742.597729 2330691.797900 12.383860
588574.962511 2330236.334980 10.956693
588538.041855 2329973.011450 -1.402661
588371.945558 2329750.897750 -2.661689
588314.303032 2329968.731930 -2.581186
588134.106558 2329135.649890 8.298492
587465.044065 2328376.986710 9.749100
587240.216340 2328314.380460 11.344034
587949.104894 2328969.280310 9.807660
587736.659134 2328884.158030 3.690046
587596.041185 2328646.922200 9.114355
587015.388615 2328251.774190 13.990924
588104.683630 2329348.587320 8.428612
588249.617193 2329457.098580 6.616724
588151.554505 2329683.646910 7.158144
588580.618652 2330523.387300 4.827217
588538.001626 2330805.989720 14.169930
588418.639566 2330354.976750 7.768867
588256.660505 2330186.566160 -4.338983
588103.213421 2330272.210050 -5.035652
588148.379192 2329884.367240 -1.801874
587857.888865 2329179.927310 10.037517
587765.067181 2329394.282370 8.146354
587140.386061 2328506.738780 11.307520
587374.289252 2328551.857910 11.564316
587435.339227 2328713.710690 11.504508
587655.021898 2329065.148520 4.506992
587452.908897 2328942.351860 7.600090
586906.482852 2328461.619640 12.602727
587042.082146 2328677.768180 11.840540
587958.310855 2329538.964650 9.092858
587982.454293 2329800.001860 8.013269
588393.072218 2330628.063160 11.017966
588361.286050 2330960.337160 13.866807
588155.874801 2330528.707330 3.451580
587964.811393 2330390.066140 -4.210223
587958.284022 2330094.283480 -0.794989
587571.823531 2329249.600110 6.328027
587608.744211 2329512.923890 9.475337
587270.766880 2328782.107770 11.423798
587378.579856 2329104.917850 3.110612
586798.848876 2328670.871050 12.930231
586943.778255 2328848.797600 11.382931
587813.354623 2329916.356920 7.116726
587668.425249 2329738.430380 8.823922
588186.287675 2330807.664370 10.947914
588194.626301 2331126.757170 14.244339
588011.289330 2330654.991580 2.919954
587836.290985 2330502.318820 -4.691327
587773.747984 2330251.424930 -1.562302
587509.799995 2329657.380760 9.990095
587378.566452 2329382.577270 7.775944
587351.176613 2329576.332280 8.961499
587233.637053 2329204.650710 5.545777
587088.707654 2329026.724140 10.762532
586672.990894 2328873.670890 13.409611
586842.537323 2329049.336240 11.262846
587582.684576 2330112.783740 7.091660
587489.860575 2329891.365410 7.572869
588022.574065 2330976.396160 7.617996
588014.065612 2331282.014970 15.048920
587850.521830 2330826.035190 2.601357
587678.469594 2330675.674200 -0.480330
587612.473585 2330419.409580 4.797114
587355.178853 2329746.441070 8.468429
587181.630167 2329400.666920 2.212836
587156.237912 2329657.643480 3.967634
587012.083745 2329225.001570 10.887800
586514.669906 2329055.496240 12.418354
586734.952441 2329234.456990 11.565831
587425.270464 2330284.177690 7.420861
587311.295926 2330044.300470 9.525477
587851.456407 2331445.683600 15.497173
587858.427969 2331117.539640 0.910596
587702.790368 2330953.064300 -3.219423
587547.152742 2330788.588960 2.426827
587453.809645 2330578.363760 4.749004
587290.669241 2330422.202180 7.114403
587857.394744 2331643.617850 14.355870
587200.557760 2329835.501370 5.792931
586961.299211 2329738.954920 6.932251
586983.965517 2329493.474390 11.175409
586859.458979 2329363.965660 11.589027
586436.304156 2329280.936600 13.893493
586627.367560 2329419.577790 10.963967
586990.260702 2330074.230250 2.047505
587080.239890 2330295.162970 4.062486
587670.197079 2331498.741730 -1.777758
587669.518241 2331334.919900 -1.773393
587573.301058 2331091.501120 -3.802268
587434.223369 2330914.409910 -1.601454
587295.145706 2330737.318670 4.737139
587156.068018 2330560.227460 3.026440
587670.826785 2331650.706020 4.207958
587923.216272 2331811.378610 12.804250
587745.476149 2331820.591910 6.618589
586863.661125 2329878.482000 6.935294
586786.300842 2329586.282150 11.194290
586302.051796 2329472.786330 14.228643
586489.254907 2329608.018220 10.090843
586730.086586 2330017.814190 10.167245
586872.764853 2330199.490140 8.708482
586968.256727 2330453.989490 1.904208
587512.245193 2331484.708060 -3.615395
587359.068314 2331102.566630 -0.387405
587487.580097 2331224.156210 -2.929899
587230.556580 2330980.977080 2.297059
587113.710790 2330811.703230 2.451267
586950.179221 2330665.935000 4.089066
587467.190722 2331630.154040 -4.896261
587567.736036 2331829.805240 8.464949
588040.209473 2331933.284490 11.311641
587930.872624 2331998.425900 9.873917
587660.932770 2331968.072360 9.202766
586587.408319 2329836.138220 10.592751
586106.556850 2329594.893250 12.979795
586156.650378 2329783.420440 11.720549
586372.029337 2329809.779330 10.592751
586543.100718 2330152.371260 10.809341
586713.148815 2330427.499810 8.371429
586787.115448 2330580.924440 6.819541
587271.053446 2331535.206790 -1.809455
587334.396688 2331402.825090 -2.115090
587245.800680 2331218.159120 1.400152
587026.889938 2331047.544350 2.440623
586932.275898 2330886.087810 5.402701
586744.290450 2330771.642540 7.103902
586532.771754 2330426.081290 9.906911
587503.149497 2331947.977020 8.552900
587357.723105 2331802.335340 0.520385
588166.158594 2332042.417650 12.887136
588090.353929 2332199.914340 9.777541
587754.130046 2332106.340370 9.945114
587938.796849 2332192.017940 9.873917
587521.122749 2332153.652030 8.691495
586382.926061 2329991.647960 10.496973
585941.271420 2329757.061580 11.393879
586167.547103 2329965.289020 8.794707
586356.114875 2330286.928350 10.544955
586553.532753 2330655.509540 9.130600
587164.153711 2331799.239840 -3.114257
587093.171085 2331561.012980 -2.120479
587102.006260 2331372.111580 0.661500
586967.284472 2331233.803500 1.350885
586831.949636 2331062.689220 4.877924
586577.591675 2330838.077470 6.758491
586362.775031 2330539.376520 10.391085
587320.108506 2331998.589760 2.896836
588241.911150 2332207.810530 12.887136
588093.801147 2332349.523240 9.777541
587797.739368 2332243.002970 9.945114
587615.540185 2332298.887440 9.945114
587947.002614 2332392.487160 9.777541
587429.935919 2332355.816310 9.348822
587281.045874 2332202.399290 8.734479
586178.443828 2330147.157710 9.348074
585803.361483 2329945.885660 13.336215
585957.616495 2330029.864500 10.962447
586169.129056 2330421.485120 10.544955
587133.294700 2332024.645330 -1.925290
587009.895027 2331858.721440 -1.692838
586388.398041 2330739.250610 8.915278
586410.892925 2330904.512390 8.915278
586902.362358 2331679.901840 -1.882629
586863.354625 2331459.825660 1.601953
586698.843853 2331227.204530 4.111121
586582.686339 2331056.731240 6.061319
586171.454970 2330634.500370 10.391085
588239.151239 2332404.929240 12.503884
588097.326820 2332502.535180 12.503884
587607.508922 2332487.478100 9.762525
587791.010612 2332524.257820 9.762525
587955.502435 2332600.141190 9.214400
587414.102154 2332647.124890 10.428320
587240.505543 2332413.918750 9.412844
587040.822241 2332246.507480 9.086691
585973.961595 2330302.667450 10.242758
585778.794176 2330183.849810 11.017237
585951.407304 2330528.251060 11.666639
586946.480969 2332050.700770 -2.635856
586816.993950 2331868.720620 -2.201480
586198.673091 2330824.788550 8.977146
586704.280450 2331687.427460 0.307969
586277.293451 2331075.688370 7.178348
586691.649620 2331517.612550 3.485829
586529.363541 2331228.945090 5.254264
586611.438831 2331374.937070 4.165788
586359.883672 2331230.686340 4.652030
585974.779946 2330776.845940 10.161011
588297.642867 2332586.748890 10.503839
588141.069248 2332668.316350 9.214400
587629.852884 2332660.392770 10.428320
587807.351203 2332742.739180 9.929863
587964.308067 2332815.265390 9.541504
586880.797397 2332249.553300 -2.434455
587461.483329 2332802.619820 10.428320
587198.351621 2332633.857160 9.772890
586939.593481 2332516.050820 9.308981
585731.359646 2330422.001780 12.293522
585763.457682 2330679.551390 11.666639
586620.854604 2331878.887700 -1.693472
586747.895267 2332041.253120 -2.215740
586058.485804 2330997.043200 9.774700
586527.851986 2331736.710270 1.315224
586138.883094 2331187.986120 9.774700
586434.849885 2331594.533650 2.262694
586440.300478 2331381.605460 4.498187
586222.040756 2331341.250520 5.350954
585834.692132 2330916.605940 10.161011
588362.922754 2332760.059100 9.216832
588186.454711 2332840.324390 9.040577
587653.838403 2332890.498580 10.044232
587831.138663 2332972.734250 9.541504
587973.430325 2333038.125320 9.449268
586676.538035 2332219.423600 -1.956828
586730.072689 2332464.623990 0.712660
587494.743284 2333043.631060 10.817684
587288.374693 2332948.850080 10.817684
587091.085461 2332876.741670 9.759196
586914.285472 2332752.684170 9.813887
586699.120169 2332676.823940 9.739148
585547.997046 2330580.351470 13.138821
585606.493377 2330834.585380 13.469300
586472.062430 2331939.058730 -0.217054
586579.715244 2332094.518870 -2.490737
585917.182289 2331127.900190 10.385718
586348.644990 2331786.198380 0.888158
586000.473082 2331300.283960 7.765104
586218.141488 2331587.056230 4.854811
586065.112622 2331449.890230 6.072601
585689.906287 2331066.348940 11.386598
588297.252589 2333144.550160 14.592831
588416.872512 2332951.558160 12.175642
587693.326325 2333135.693160 10.022270
587874.365125 2333218.869690 9.449268
588129.237555 2333313.070480 13.768844
586536.929670 2332318.777870 -1.634535
586525.459715 2332596.648140 4.324132
587550.795283 2333304.231820 9.881832
587329.860568 2333202.334300 10.273710
587108.925878 2333100.436750 9.997667
586667.056497 2332896.641690 9.917464
586887.991188 2332998.539230 9.786344
586446.121782 2332794.744160 9.591619
585373.596686 2330750.876260 14.125722
585458.865725 2331003.715850 13.469300
586319.424925 2332000.784120 -1.222344
586289.137716 2332223.206910 0.857591
585775.878726 2331258.757780 10.275171
586133.580294 2331782.759120 2.460650
585848.198775 2331426.444030 7.089466
585991.211533 2331614.595040 5.005446
585545.120467 2331216.091930 11.386598
587771.729974 2333406.129360 8.878613
587992.664679 2333508.026900 14.633701
587536.162335 2333531.733300 9.832615
586330.064110 2332477.096010 -3.108662
586225.187092 2332692.846640 -5.131845
587181.978604 2333317.647590 10.273710
587353.620112 2333457.984910 9.832615
586545.630383 2333085.331060 11.210573
586926.751632 2333285.576670 9.786344
586750.004298 2333204.058790 8.908819
586315.041230 2333009.567170 10.458561
585201.804199 2330925.302730 14.668422
585311.237087 2331172.848270 12.501755
586127.778578 2332048.879560 -0.504266
586114.160709 2332291.551400 0.042443
585629.311367 2331402.784500 9.905648
586008.767182 2331910.615790 0.271580
585917.310320 2331779.300570 1.645985
585774.604481 2331571.752200 5.371011
585405.686998 2331378.612950 10.614391
587718.704584 2333605.481700 12.933340
587041.597817 2333448.656660 10.627453
587915.125437 2333730.898900 13.205876
587665.679637 2333804.836250 10.750558
587377.379605 2333713.635570 9.268231
586125.999849 2333049.043430 10.380865
586004.252401 2332590.949100 4.186909
586068.039710 2332873.696700 1.102478
587156.444915 2333611.738000 10.290268
586884.229659 2333510.657970 10.627453
586424.204220 2333274.020500 10.406911
586612.016694 2333409.579420 10.406911
586183.960013 2333224.390220 10.595641
585073.973735 2331128.979690 14.734387
585178.568989 2331354.063790 12.501755
585936.132231 2332096.975010 -0.500685
585860.995902 2332289.752470 1.739812
585548.169646 2331563.939180 9.849032
585797.257850 2331921.579560 1.811554
585660.353430 2331727.088800 4.798317
585316.995534 2331555.962640 10.614391
587820.557538 2333947.215350 10.621192
587690.575555 2334146.166170 11.667690
587401.139099 2333969.286280 9.268231
587180.204409 2333867.388710 9.268231
585783.317711 2332489.051580 8.656241
585981.885229 2333246.879140 10.660635
585910.892352 2333054.546760 4.130830
585838.639103 2332759.258970 -1.259990
586701.501032 2333613.979350 10.401002
586986.602564 2333902.482470 9.966357
586838.615115 2333724.117280 9.966357
586302.778056 2333462.709950 9.954403
586474.029090 2333615.100040 10.552862
586052.878795 2333439.213270 10.144091
584948.955555 2331329.244910 13.355440
585082.270493 2331547.863570 12.862674
585682.408214 2332149.237190 -1.780612
585562.382996 2332387.154030 -1.034941
585469.876977 2331772.145310 5.499555
585581.617015 2331932.757510 5.471937
585240.345358 2331768.474680 10.049826
587505.614476 2334294.255580 14.227413
587203.963927 2334123.039420 10.134573
586952.486360 2334098.814940 9.526143
585652.236223 2332703.874380 6.844047
585753.744970 2333235.396810 4.906785
585746.670931 2332961.535320 -1.978631
586633.514830 2333776.338320 10.928847
586793.000595 2333937.576620 9.526143
586181.351893 2333651.399390 10.937907
586336.041486 2333820.620660 10.552862
585921.797602 2333654.036340 10.704844
585727.733802 2333621.487350 9.888461
585465.833983 2332648.490210 8.702836
584845.050322 2331539.678410 12.689103
585006.028162 2331764.727540 11.795352
585463.651326 2332105.897390 -0.232030
585286.302574 2332504.515170 2.844886
585341.448306 2332285.256510 -2.546547
585361.624321 2331944.161030 5.806662
585138.403928 2331955.731860 5.708256
587292.386149 2334393.328500 13.260442
587006.788731 2334276.792540 10.951628
586804.604667 2334214.129590 10.951628
585369.284994 2332909.826380 -0.042119
585596.597612 2333416.246920 10.331106
585507.413146 2333095.878880 -2.257681
586449.531276 2334050.366010 10.612393
586602.420604 2334151.466660 9.526143
586059.925754 2333840.088840 10.655560
586198.053906 2334026.141330 10.655560
585858.869992 2333826.727790 10.704844
585650.140447 2333917.977630 10.704844
585524.811296 2333722.886400 9.141866
585231.156842 2332723.773880 9.870477
584769.304501 2331760.941920 14.175434
585093.028690 2332537.721390 2.012271
585058.261714 2332740.121420 9.356670
584909.444037 2331967.600200 7.677075
585120.513615 2332183.358970 -0.424525
584940.916614 2332390.044770 -2.237253
587079.723791 2334493.864710 13.734405
586848.217094 2334546.859640 14.498603
586708.522242 2334399.213430 10.951628
585399.482168 2333527.795180 10.489361
585245.110656 2333025.247990 -0.909429
585358.403965 2333234.384810 2.599723
586336.182058 2334212.193830 9.813004
586474.310210 2334398.246320 9.193956
586121.142396 2334237.208640 9.813004
585990.006182 2334031.968210 10.604246
585811.577103 2334070.932080 10.604246
585568.672096 2334102.621640 11.126770
585452.395002 2333887.014410 8.889704
585194.076739 2333686.380790 10.171248
585023.494762 2332942.521480 4.235814
584810.134726 2332815.395520 10.277641
584678.644235 2331979.563930 13.601007
584794.054115 2332515.473770 -0.948099
584791.937519 2332188.700720 5.977712
586612.438368 2334584.298820 13.728596
585098.091248 2333468.634470 10.171248
585103.563697 2333240.192710 -1.900247
586383.414797 2334647.689510 13.264098
586252.278586 2334442.449080 10.250650
586026.127854 2334503.251300 9.569763
585924.870387 2334280.068900 9.634904
585684.949189 2334318.228860 10.378081
585386.047746 2334121.873420 11.256936
585482.033237 2334339.619720 9.981170
585127.174216 2333904.578070 8.818519
585202.798717 2334122.380770 10.666387
584895.972728 2333593.638710 7.076666
584956.385926 2333824.996910 7.922969
584824.676210 2333033.367340 0.223832
584647.190556 2332640.903380 7.090056
584651.742396 2332889.482170 9.979228
584522.178236 2332162.156600 13.195209
584618.163720 2332379.902900 -0.970187
584834.709048 2333359.023540 -1.903538
586151.456989 2334698.342550 13.321521
585917.503386 2334749.443320 14.841683
585801.226283 2334533.836090 10.425963
585578.018752 2334557.366030 9.367720
585278.423218 2334340.183460 9.981170
585354.047720 2334557.986160 9.439885
585027.773268 2334088.018480 11.301644
585077.212321 2334287.713290 10.666387
584859.356945 2334054.953750 11.301644
584656.101919 2333488.510340 -2.568166
584677.139850 2333696.865970 5.706149
584697.742658 2333900.912050 8.790171
584634.685490 2333276.406320 -0.936985
584612.982026 2333061.459470 2.649798
584450.931139 2332994.347530 5.143722
584342.045894 2332519.923620 -3.142257
584368.842370 2332747.854510 7.398433
584314.777304 2332287.976840 12.775801
585674.004264 2334775.112370 14.872465
585429.672222 2334775.788840 14.784288
584492.893951 2333378.030330 -1.758657
585198.038728 2334750.429670 14.524547
585137.625519 2334519.071460 10.221085
584660.875989 2334083.548500 10.836661
584899.298864 2334279.173080 10.742955
584939.086732 2334502.527470 10.221085
584738.044324 2334300.051710 10.742955
584495.790090 2333827.672100 8.730634
584471.317508 2333619.508280 5.667287
584519.875697 2334032.544370 11.520664
584340.766942 2333244.244600 1.853777
584097.745239 2332532.788610 0.339233
584162.812090 2333017.967120 8.899649
584130.576725 2332777.600400 2.106172
584064.913768 2332287.976840 11.475466
584347.240203 2333482.422530 -3.672717
584978.874598 2334725.881870 10.016002
584543.345397 2334232.177650 10.836661
584777.030262 2334686.160740 9.669017
584757.635159 2334494.075670 10.742955
583910.353225 2332517.869790 0.574310
584566.473436 2334428.904790 12.832369
584288.160338 2333952.640940 11.209670
584257.271266 2333722.313150 1.463390
584269.664786 2334175.520340 10.648448
584103.129204 2333486.898010 0.866174
584046.012130 2333250.719710 4.510287
583930.773672 2332774.210230 0.526537
583988.695150 2333013.714710 7.500627
583813.132444 2332287.765330 10.676434
584372.145049 2334398.775200 12.832369
584589.285828 2334622.946940 11.528868
583722.961015 2332502.951060 0.431261
584378.284204 2334624.660100 9.389604
584160.543562 2334367.440980 8.846568
584065.023476 2333956.915280 3.105179
584053.428890 2333725.697510 -10.484867
584043.844529 2334181.872640 10.721630
583859.376646 2333375.094100 8.156516
583874.437250 2333609.682170 -0.190771
583635.823019 2332710.897910 0.383105
583700.380630 2333260.915100 5.059873
583728.121567 2333021.485870 2.213232
583580.542483 2332313.761160 5.477172
584171.473135 2334724.575450 10.899906
583518.544325 2332515.549270 -0.395909
584052.798494 2334556.940820 7.261953
583980.533615 2334353.354820 7.757266
583841.886540 2333961.189820 -2.461938
583858.161981 2333785.435320 -2.461938
583821.205301 2334150.229700 7.757266
583645.745420 2333732.466430 -0.763994
583672.741187 2333499.468490 6.281515
583527.601237 2333394.698140 9.062052
583551.539594 2332912.032520 1.355474
583457.935484 2332712.815560 -0.469272
583469.589378 2333107.599180 1.916538
583367.309887 2332261.208240 10.361782
583946.332839 2334744.190510 8.533580
583311.876182 2332500.343090 0.412917
583800.524112 2334339.269650 6.647612
583771.087163 2334525.328210 7.261953
583618.749628 2333965.464360 2.195146
583592.203965 2334194.577560 9.688608
583383.368171 2333890.188990 0.491987
583397.553727 2333680.370320 -1.027468
583390.695635 2333295.871810 1.908505
583228.966919 2333458.049790 1.136094
583339.921426 2332906.312490 1.493333
583261.842905 2332713.716700 -1.025812
583261.437573 2333099.586170 1.280988
583144.665865 2332255.656030 12.630409
583743.553330 2334699.357480 11.611086
583105.208089 2332485.136930 0.503381
583565.953343 2334421.144150 6.647612
583539.702722 2334647.710740 9.572095
583384.425952 2334173.298210 11.909612
583238.387250 2333970.415220 0.491987
583175.011705 2333633.660270 -1.005462
583170.217232 2333822.023180 -1.862477
583183.254159 2333292.119960 1.256244
583066.579224 2333508.952320 0.698423
583065.750351 2332714.617840 -1.540815
583027.391173 2332937.709520 0.955171
582989.207754 2333159.779090 0.623314
582919.100930 2332211.003660 13.500696
582896.716347 2332500.073820 1.610833
583386.483042 2334421.168940 6.905384
583323.284447 2334647.118300 9.437295
583302.362169 2334301.434620 6.905384
583194.637356 2334153.861230 12.134235
583070.875939 2333972.595610 9.702036
583029.812249 2333716.882320 -1.977670
582951.856264 2333377.010250 0.204308
582914.947189 2333591.668310 -1.921722
582803.477922 2333176.057140 0.003735
582680.546686 2332212.055550 13.392520
582803.897028 2332732.441260 -2.253845
582772.050264 2332974.634580 0.167552
582676.287324 2332405.032420 11.181054
582672.130812 2332593.349940 1.575587
583225.665226 2334421.191160 8.905748
583152.023712 2334569.654670 8.905748
583135.536866 2334292.661150 7.884821
583020.657638 2334136.043310 12.134235
582925.412192 2333996.215350 9.491756
582878.506179 2333803.604240 4.323495
582752.091108 2333434.731210 -0.594607
582695.918839 2333615.497980 -2.226664
582617.748114 2333192.335220 -1.071814
582450.956519 2332289.440010 12.885362
582536.158533 2332750.665300 -2.295363
582504.675828 2333013.299150 -1.070923
582468.862948 2332530.726390 9.578334
583080.800316 2334421.211190 7.884821
582971.264303 2334296.806080 13.057089
582807.236836 2334218.097090 10.867026
582733.787898 2333820.495070 6.294081
582770.883845 2334021.306990 9.548373
582540.488684 2333495.871910 -0.250541
582558.395137 2333737.158300 -0.578344
582265.565639 2333028.690160 -1.806643
582404.866789 2333254.791800 -2.175577
582209.638786 2332313.818110 14.031025
582199.837271 2332561.040090 5.899211
582246.923355 2332790.399480 -2.742048
582594.208021 2334219.731080 12.457964
582576.301565 2333978.444690 12.039323
582302.850231 2333505.271540 -1.176839
582381.821936 2333737.467710 4.929410
582100.394238 2333042.321060 -2.664540
582065.713552 2333273.590950 -3.061336
581967.746249 2332339.302490 14.741196
581963.376227 2332581.002600 9.680041
581907.473646 2332785.878760 -3.423016
582358.777102 2334220.143630 12.212534
582340.134799 2333981.852930 11.311209
582031.866592 2333499.301160 -0.134086
582152.772206 2333748.157820 10.894512
581877.337358 2333009.166880 -3.662927
581899.296735 2333201.881440 -4.130196
581818.273115 2333446.790060 -1.934017
581734.146894 2332390.872860 15.020106
581733.724758 2332637.305830 8.686243
581733.302622 2332883.738830 -3.286898
582135.010706 2334196.154620 9.838000
582143.891447 2333972.156200 8.050562
581942.722413 2333723.343380 10.857414
581938.871908 2333936.310400 8.667419
581732.880485 2333130.171820 -4.808334
581668.872598 2333633.993780 8.463571
581637.692180 2333405.145140 -0.946897
581509.906170 2332467.260070 13.431071
581541.974577 2332702.626060 3.902242
581574.042980 2332937.992060 -4.409116
581935.106919 2334144.548270 13.138914
581731.233452 2334091.691060 13.500496
581700.053015 2333862.842420 10.499361
581554.127535 2333166.965730 -4.724223
581475.542362 2333647.421180 5.760354
581407.693949 2333432.462160 0.511600
581278.418290 2332517.649680 11.888366
581343.056109 2332975.055930 -6.152189
581344.027501 2332745.715400 3.457367
581504.650703 2334118.571560 14.484901
581472.331764 2333889.868420 10.004479
581217.722226 2333116.674220 -5.933886
581375.375029 2333203.759050 -4.166243
581188.090348 2333467.633480 4.842242
581282.212249 2333660.848700 8.292722
581064.432026 2333031.998230 -8.102874
581054.938392 2332592.576320 12.929714
581088.777120 2332814.959970 -1.407939
581283.655318 2334095.673810 14.292860
581282.935514 2333878.788340 9.928100
581069.019841 2333244.350210 -4.967238
580972.264071 2333402.294600 6.468240
581077.875344 2333654.235010 2.583958
581053.191102 2333857.792570 12.869147
580787.932326 2333109.025750 -4.604381
580880.230406 2332883.415700 -1.235438
580844.052807 2332679.608510 14.094002
581086.303304 2334044.330670 8.815632
580759.872101 2333323.734370 -4.154632
580549.360156 2333285.617480 -0.696093
580890.935155 2333992.130030 11.146899
580875.508302 2333560.239000 -0.578503
580883.221730 2333776.184510 7.981477
580580.446276 2333082.015590 -2.485630
580645.209830 2332891.961030 -7.394256
580639.615050 2332694.483730 13.321705
580497.865663 2332924.209230 -2.729952
580663.008752 2333520.203970 6.332799
580367.946282 2333198.030090 0.832815
580358.630992 2333467.484340 4.335200
580675.691424 2333967.860270 14.533232
580669.272103 2333741.280170 -0.345649
580341.751594 2332958.377150 0.109827
580445.712217 2332710.298460 15.467871
580532.385072 2332549.019230 13.632922
580483.781379 2333715.132520 5.140766
580164.088408 2333384.781760 5.312982
580175.903376 2333105.311130 5.636368
580152.273440 2333664.252450 7.235532
580302.290505 2333803.895610 6.166185
580449.331116 2333940.768140 12.628559
579999.271130 2333005.033840 10.860171
580232.660677 2332727.674970 -1.029621
580459.160841 2332388.183040 15.290747
580374.194750 2332531.821530 15.383070
579998.876448 2333521.463080 7.116044
579997.642494 2333263.242170 -0.325541
579998.667796 2333779.519920 4.228928
580223.312239 2333983.301020 13.575929
579997.584728 2332746.847830 -1.573042
580196.771313 2332512.532910 13.072280
580313.723249 2332283.752440 15.389017
579996.268687 2334028.576540 14.166662
580173.415008 2332353.309860 9.923889
579997.566867 2332490.876360 15.223164
580152.719280 2332212.224330 15.347585
579997.191909 2332258.135260 15.283991
